3335
11097
19198
30268
42363
51712
63682
76522
88140
98787
112250
121201
127744
147769
163969
171666
183141
199697
206530
228587
254616
266765
295889
320301
334839
373051
410964
430454
445645
462842
490465
512703
524383
548632
561490
582296
601881
613602
630283
641489
655617
674070
682757
691424
705637
715812
726402
738603
755436
778004
789079
801108
809380
816947
845531
858760
866098
886388
908450
926522
950113
1010072
1038517
1053671
1066969
1077118
1086793
1104974
1123045
1140809
1155129
1176436
1186038
1198070
1236499
1253766
1279179
1287785
1299424
1325811
1347440
1366879
1379560
1421410
1441035
1500234
1517549
1551827
1563224
1589732
1619477
1653876
1665821
1695306
1715824
1727896
1753687
1773475
1788679
1799702
1810524
1835153
1913018
1925148
1938584
1964586
1981168
1996208
2012600
2043823
2062078
2079367
2096240
2125159
2156545
2171640
2184516
2197095
2221418
2233603
2261358
2280395
2293263
2316967
2339611
2365388
2397204
2412845
2431857
2451935
2470674
2478550
2499029
2530313
2544352
2558038
2593556
2614980
2626992
2643205
2674341
2690635
2713047
2759964
2794968
2828153
2845836
2852489
2872223
2888038
2920125
2940277
2946719
2966637
2980581
2996009
3008491
3023426
3045846
3069230
3081563
3102689
3111558
3121227
3176109
3213903
3226203
3253367
3271358
3287566
3310831
3330431
3348056
3371256
3405626
3420346
3437135
3507035
3548804
3558590
3579928
3595016
3612246
3625549
3664768
3712780
3743901
3811733
3838120
3869468
3881543
3909417
3915673
3928941
3948531
3963426
4027550
4056517
4088057
4101696
4123730
4139485
4151688
4175991
4189742
4202889
4215843
4230575
4249360
4261904
4278288
4299747
4319746
4370892
4405605
4429724
4451441
4511890
4541085
4566182
4592122
4637247
4665552
4684739
4700400
4713933
4727476
4733357
4776964
4822737
4851687
4897736
4931979
4994579
5020990
5067166
5091776
5128995
5137670
5150941
5177412
5184490
5193176
5218768
5227561
5244154
5294206
5334955
5372802
5436620
5458584
5487883
5499898
5564049
5592882
5647019
5672716
5703977
5744856
5812768
5856811
5883779
5910406
5923595
5973782
6011636
6056265
6091632
6111280
6130026
6147189
6173068
6204996
6240714
6263079
6313243
6326370
6347362
6361728
6381505
6399975
6417495
6561782
6594734
6624217
6655248
6713013
