3272
10449
16111
27346
48819
58801
73642
122480
137492
150665
167993
182655
194109
225617
255360
289210
303039
313818
333479
359449
389886
415803
429256
447250
465235
477481
511678
534389
564310
583458
618714
636594
650268
662116
670189
686462
711678
749175
764379
790934
805173
824354
837687
844259
864775
886772
894227
915973
923436
971509
994245
1005653
1026910
1036643
1043604
1072631
1087308
1099582
1105809
1121624
1130258
1169569
1185497
1193733
1237405
1255809
1279346
1297849
1312985
1327472
1337416
1348819
1368030
1401935
1414229
1447289
1457174
1489891
1516984
1551327
1569933
1613603
1622639
1649566
1681168
1699473
1719601
1733178
1742715
1754070
1776538
1807704
1826363
1849678
1859386
1872131
1884505
1909822
1921329
1942086
1956452
1974640
1988037
2032037
2048866
2064703
2093003
2107700
2118115
2126634
2153543
2167370
2209620
2225516
2240644
2251708
2269558
2293764
2326318
2360671
2385979
2396512
2410933
2422874
2437609
2458526
2474637
2485626
2496449
2513917
2528289
2543168
2550976
2564336
2585417
2632877
2656578
2667589
2676366
2690952
2717525
2724570
2744139
2760793
2795811
2820635
2840916
2866324
2877133
2889676
2897188
2914490
2957669
2984289
3058483
3077759
3120060
3133333
3140570
3168870
3186489
3203714
3218392
3228249
3252785
3273677
3281736
3313155
3329147
3344008
3366528
3378147
3395560
3417084
3435388
3452107
3473395
3486468
3506106
3540171
3571570
3596290
3606304
3635167
3649115
3691820
3715705
3743180
3766339
3776333
3789124
3820121
3850623
3874980
3902212
3959811
3967949
3978235
4005850
4041263
4054455
