6616
39259
56538
82051
100786
120133
165153
187660
201604
217638
233662
311030
400929
421201
436196
466322
483627
511424
546159
588800
609460
621858
643232
726705
770938
842610
856801
870445
881234
908292
921741
937544
965236
988769
1035925
1059685
1093032
1110182
1131850
1146445
1161788
1175565
1189242
1242318
1255144
1266288
1305870
1335368
1355717
1369867
1379222
1399543
1411042
1418610
1435267
1445585
1470208
1499241
1526116
1559705
1593025
1607405
1631773
1647308
1678508
2077532
2103218
2110034
2116164
2142658
2150325
2160892
2181521
2210120
2232048
2262389
2285655
2333759
2376584
2397683
2410633
2435892
2450062
2477948
2501347
2524423
2540797
2558508
2580646
2610359
2650769
2688120
2752419
2776723
2818268
2853592
2863478
2898643
2913485
2924768
2953807
2974642
3047658
3071167
3092005
3109831
3117877
3131460
3148648
3172430
3191671
3204344
3227421
3264280
3289304
3312383
3332190
3344304
3355253
3388887
3397132
3405933
3427854
3449223
3470235
3489429
3499792
3553778
3582605
3606458
3617560
3644414
3653146
3666974
3682839
3718175
3746457
3765596
3773010
3791421
3823593
3862590
3885702
3901320
3920278
3930872
3953329
3964974
3978925
3993667
4020471
4032301
4053837
4093322
4115169
4139840
4146511
4188082
4196339
4209773
4224682
4240811
4273057
4302062
4315156
4330254
4345766
4356558
4367178
4377933
4401544
4456409
4477206
4509903
4524616
4542258
4592616
