6849
29040
87470
153061
185964
235363
310088
331441
360722
371684
381426
406461
466911
502941
533452
563805
583336
626971
665960
705224
731326
745612
768828
792551
809808
821437
838111
860759
876768
893007
902129
925765
975296
1010700
1024309
1037927
1061640
1076375
1094321
1107466
1131371
1191877
1220150
1235235
1279890
1313631
1340216
1356166
1419114
1452710
1465199
1504647
1531992
1551739
1596507
1611898
1623967
1650192
1664620
1691535
1724591
1739567
1752407
1766665
1820998
1834882
1864411
1886060
1915258
1936676
1959001
1978146
2011811
2037367
2047944
2071811
2085574
2109647
2125667
2137195
2154937
2175305
2206338
2226358
2240775
2257384
2267477
2282532
2296481
2343449
2359972
2386601
2399884
2421899
2444502
2502077
2521845
2545838
2554966
2564613
2578709
2601317
2609739
2637168
2661819
2683305
2745708
2779591
2801604
2816362
2877471
2890707
2912296
2927245
2956087
2974413
3014390
3043022
3089574
3133279
3146638
