6731
21487
37148
47521
57212
70890
108208
125866
138935
148439
164431
173144
200698
209166
228607
235460
244450
260133
267226
304967
321503
334743
348169
360783
370465
403188
413641
426936
443250
452386
470673
509027
524612
540324
563748
592716
606351
625156
652808
673774
689198
702983
719144
735815
761038
770360
793274
805569
821930
833149
859111
877070
903111
922859
959265
967597
986931
1009299
1024292
1057787
1088476
1106400
1118215
1144828
1158578
1187149
1196515
1203849
1228245
1241315
1293450
1336661
1345714
1374819
1389183
1399456
1414270
1433754
1453959
1466471
1500501
1522679
1536251
1553420
1578350
1587633
1597735
1613599
1627327
1646750
1662157
1705362
1728497
1785676
1856082
1873784
1886749
1901698
1918572
1975593
1994875
2013003
2030221
2046164
2062907
2073604
2083822
2098067
2129602
2155609
2171161
2196887
2222766
2235880
2261750
2273674
2290090
2299660
2310193
2341990
2354323
2377141
2408740
2425152
2454826
2489708
2501381
2513303
2557532
2567024
2605084
2615295
2627357
2651830
2661055
2680980
2717476
2742447
2773502
2798982
2821819
2859401
2880521
2912457
2955597
2998809
3026205
3040680
3078743
3090616
3123520
3163398
3196229
3215574
3235010
3244956
3260705
3297977
3332188
3350635
3369464
3386553
3396208
3404204
3434137
3463974
