6737
16048
28068
43851
55856
69083
78209
88629
101239
116392
128808
147602
162831
174782
180010
184512
192729
213663
231197
246287
271536
278558
308680
321440
333181
340995
362074
400088
423167
439681
459525
474460
498564
524643
538370
556172
570188
619603
668048
684759
718980
734201
755851
798284
828961
845541
869897
885934
903644
920349
945732
968517
980386
1018280
1057821
1068705
1086584
1120229
1137928
1156586
1165274
1175462
1185505
1202144
1220745
1234622
1250001
1261573
1268689
1298985
1316316
1349771
1365506
1400058
1430689
1453177
1462574
1477992
1484544
1501071
1513887
1528985
1543946
1551799
1561523
1600387
1625506
1650197
1671757
1709897
1721635
1728249
1741961
1757099
1772713
1798040
1819779
1832660
1843139
1854693
1873566
1898157
1909304
1925617
1934411
1951288
1960896
1966908
1974877
1983137
1990442
1997863
2001834
2013545
2018879
2028614
2044434
2053016
2058068
2063763
2067129
2071342
2074878
2093196
2104569
2111211
2129295
2151014
2168328
2188225
2198576
2225116
2235024
2253758
2274648
2284798
2297845
2328424
2351032
2362117
2372169
2397986
2420969
2462656
2475866
2496797
2536287
2550457
2571698
2593195
2635195
2645119
2660361
2675240
2690168
2740145
2770758
2824750
2857055
2864956
2909076
2934404
2954068
2982412
3001124
3024065
3032899
3055753
3073158
3110764
3122230
3141969
3165769
3182117
3188578
3201426
3229400
3240220
3252788
3289051
3305316
3313727
3322820
3328835
3341170
3360556
3370449
3410082
3439501
3470369
3485377
3491962
3500639
3515037
3531146
3558713
3571254
3582531
3593998
3600704
3614634
3627393
3635073
3658707
3668161
3684877
3704277
