6279
29423
48310
57196
73294
86359
99660
125138
132579
147224
167209
194856
218691
237519
246672
259505
289706
315249
321601
346971
359673
369080
381561
393226
416680
435259
461549
475037
488539
508503
526184
550256
568024
582928
605751
621141
649058
669804
684395
702682
716847
761138
804842
827609
846456
859712
874041
896060
943271
964196
979164
990324
1009579
1027395
1048633
1062200
1075241
1087172
1106400
1117645
1155369
1167000
1180037
1200916
1209957
1238263
1267369
1285461
1295103
1309736
1332637
1345002
1398085
1415219
1438165
1465916
