3592
14879
27950
61107
87330
116297
135313
162903
181006
196281
208977
224463
247411
272073
291073
304063
325558
347960
373312
401002
424124
440120
450603
477139
529390
558257
580614
594295
623730
654771
681998
708103
724259
737544
770903
793501
837273
879076
907286
926875
973942
992857
1020375
1031782
1049088
1068777
1085587
1104036
1117859
1134504
1151238
1165617
1189418
1202344
1228171
1245826
1259795
1269727
1283075
1306479
1333230
1358274
1370406
1387804
1406417
1423987
1446348
1471013
1490553
1530900
1567618
1609647
1639412
1654018
1699474
1712423
1722818
1739609
1750231
1768111
1791538
1819863
1832087
1859994
1877945
1896310
1913292
1923043
1941856
1955727
1973068
1997344
2018078
2038407
2073875
2094235
2106890
2123988
2143481
2171254
2203269
2227900
2247916
2266946
2283021
2305812
2334258
2362853
2387683
2419263
2436606
2482075
2511088
2534459
2562217
2579432
2596883
2628010
2660900
2670082
2723407
2746655
2775100
2793398
2815543
2828838
2843544
2867055
2890502
2907491
