6657
15212
44368
72515
103917
135622
149137
164599
172440
191111
208590
227590
253845
273743
284198
318990
335132
347523
377476
397404
416004
438876
485037
513283
569290
583610
601173
632757
655726
666292
680651
714576
728201
737319
754441
780685
797861
818565
833369
850597
861378
878817
889932
900301
912526
932789
950619
964566
971560
993954
1005671
1021031
1034599
1047133
1064639
1078198
1082908
1100435
1114985
1134677
1152629
1190203
1200234
1205425
1219139
1231032
1254052
1270683
1294222
1302343
1319962
1352845
1366275
1388529
1411472
1426515
1437336
1449736
1473795
1479055
1489423
1505414
1512298
1534568
1548009
1557749
1563250
1580844
1607713
1624280
1652961
1663131
1678796
1706059
1728760
1738541
1746761
1755103
1779282
1795407
1808746
1822761
1838788
1850540
1879614
1888594
1904161
1933935
1959124
1972541
