2881
16268
27299
53082
60800
82548
101831
134726
157237
171187
189682
202773
237478
258306
273598
286498
306341
344616
368493
380468
404090
414881
420962
440692
453774
462152
471881
497960
521879
544127
553976
585216
596986
608143
624771
638672
653339
666189
684440
695160
722651
734392
756427
776015
799197
816475
837046
853640
876195
899791
915364
927627
957179
970386
987646
997464
1020572
1041746
1060615
1072830
1092272
1117697
1138945
1163524
1185314
1195920
1215228
1222514
1233176
1250577
1265831
1279170
1292213
1310331
1320788
1327388
1342579
1355900
1382770
1393191
1402675
1431392
1451441
1461222
1487962
1502271
1514970
1539696
1576873
1596456
1607587
1626108
1643012
1662026
1691487
1701399
1709310
1720540
1732764
1743807
1755748
1783449
1797352
1814506
1821717
1832780
1867942
1897239
1950496
1974599
1993182
2006475
2018303
2035557
2054239
2060953
2088738
2098382
2110147
2127904
2148117
2157817
2164049
2182350
