2806
11458
19738
39415
58021
73724
107896
117178
132390
146212
163787
175441
184420
197125
206836
226087
233887
259901
281022
302343
312497
351499
362704
388995
411349
432895
450159
459600
475473
489166
507267
550617
572826
591248
601679
611810
638461
665493
691176
702907
744658
763261
782991
811243
819863
831596
858060
872142
886065
895636
917196
945129
956802
976085
990216
998445
1017007
1024518
1034400
1050711
1058372
1064936
1082311
1098092
1113871
1139848
1161914
1190180
1216225
1229725
1248407
1254357
1265697
1275564
1282674
1294043
1329472
1350287
1368002
1380047
1409627
1424739
1436432
1453843
1468568
1478828
1499581
1519241
1544998
1553841
1576127
1585454
1596574
1608004
1620714
1626904
1645112
1654493
1663495
1678473
1726792
1750141
1763710
1769432
1777724
1788717
1796446
1809257
1825148
1851319
1875303
1902068
