2954
12894
18794
26355
34056
40616
48643
57253
67244
75724
82278
90225
96363
103833
113029
121819
131701
136511
143253
155254
163014
175855
191670
198230
206230
214653
223203
232485
245251
252935
258585
264157
270367
280228
285008
290290
295781
299371
302991
313414
317854
322484
333382
339372
349254
356394
361214
385712
399317
406397
413238
418858
428374
436146
445060
453020
464502
470362
477250
483881
491684
497685
503166
509697
515809
534027
545962
552063
559585
563828
569470
577845
583413
587715
598526
605338
610728
616130
621601
629982
635947
642798
648719
652450
658712
674230
679413
687597
705898
710331
714692
718867
723318
727220
732933
737616
746273
753386
759787
767049
