3514
13886
32169
40533
48789
59806
66583
81015
90917
102146
117021
134828
152378
164488
187291
198399
204863
212048
221674
227585
236527
244511
258134
269622
278505
299845
320560
343166
365623
376081
395095
411174
425141
446433
455621
483648
507488
520855
536754
547498
558313
574549
580321
593517
608432
621404
628362
636705
655353
673272
682729
698056
710714
723041
733397
741060
756206
764660
775010
792471
805768
833980
851127
869594
886431
902849
919980
934759
945622
973759
991832
1012806
1033109
1044733
1056716
1080192
1106003
1123612
1139328
1156068
1190156
1214785
1221700
1229702
1241164
1249970
1274803
1282891
1297572
1323483
1340884
1362907
1395251
1418032
1434469
1448724
1465315
1488583
1495631
1504862
1516026
1532151
1544121
1560974
1570673
1581395
1603417
1614412
1625806
1632502
1650880
1663505
1695830
1707704
1722755
1744497
1765342
1772610
1788381
1811057
1822340
1831651
1840883
1851531
1867923
1889837
1903284
1917574
1927583
