6624
25741
37502
47014
60654
78298
91346
117069
130337
151798
161054
173546
199777
216857
224544
246050
260881
272822
294596
310154
325047
337446
347040
377358
388247
401543
410078
420662
433882
446102
459677
474312
484764
506371
521518
533817
547084
558182
564819
580591
594815
604499
614872
623063
646765
658617
677531
698149
708089
718891
722833
746804
756907
775232
788775
803436
815013
835091
851348
872475
903096
915095
929458
941616
960542
972159
985645
1004666
1017629
1040923
1061301
1083924
1094515
1109547
1118472
1128383
1141901
1153517
1167031
1178927
1192508
1202609
1217632
1229305
1240177
1252884
1264588
1274257
1294428
1307653
1316617
1328118
1340825
1364322
1378011
1395817
1408096
1439084
1459659
1479928
1495895
1517086
1539076
1550026
1564647
1576420
1588794
1605840
1615295
1622634
1645167
1668280
