2830
11783
30575
34148
40850
57434
67348
78166
85338
94663
107799
114749
123439
136009
159397
178405
205010
236356
261304
306763
320534
351450
389676
397420
415125
422925
442802
454929
482758
532421
544649
583910
602746
614979
627553
639271
652704
671351
678820
694898
717068
725646
746537
757793
767609
794713
810567
822020
836998
896671
925156
937543
951948
966010
979779
1001843
1023075
1051578
1069830
1078985
1089441
1100864
1113641
1131672
1140978
1153174
1162193
1169073
1175146
1186232
1196447
1212879
1220223
1229406
1245537
1252269
1263914
1287834
1298335
1320015
1331237
1341639
1380729
1388652
1397994
1400436
1421038
1432817
1445964
1449265
1465190
1470072
1473095
1485056
1503124
1515453
1532743
1539605
1555166
1565814
1572704
1585067
1602062
1608619
1618449
1636118
1646521
1657236
1662717
1680882
1710222
