2795
13089
18175
24669
36912
49306
56210
67162
79655
90285
102013
113333
122685
130845
137581
144910
154097
165824
176303
184058
193748
211641
217888
231529
241030
249423
269348
280060
289618
299078
307123
317344
325279
332440
342395
357993
368085
378503
389002
399237
406519
415818
426552
439211
449822
460942
476938
489166
502600
516219
524133
535016
542509
549063
560615
569613
579893
583865
617050
627147
643760
656179
667935
676708
691675
704907
712342
722796
739527
751467
759089
770381
779252
800679
810228
837688
853733
863036
869944
878171
883756
891827
900259
909247
917355
923193
929695
938228
943692
947806
958011
962415
969481
978911
983974
989436
999120
1010900
1026395
