2770
4351
9707
13560
20567
24091
31774
39396
45665
49275
68691
73654
82110
86645
95690
105276
113325
117520
127381
130884
135560
142285
152940
156954
161446
164677
167357
171157
173701
177245
179636
182156
184466
187786
190528
194581
199236
204005
208120
227547
257092
259637
266682
271346
278330
287288
293291
312319
321924
326098
334200
338272
348353
372053
382162
390571
397008
404281
417943
425654
431475
443575
449820
463212
471691
480177
491723
496466
502179
514786
522957
553243
572078
587115
599891
610542
623139
637157
645289
649886
666005
687827
706433
711392
720256
728759
752781
774775
785726
795570
812080
819969
825195
829976
847316
850996
865968
893685
905136
917315
924885
935183
947726
954804
965736
973388
978472
984165
998042
1009074
1018981
1027612
1037828
1054205
1069241
1078233
1087238
1100466
1106947
1113210
1124246
1141041
1146976
1164981
1179792
1187738
1217283
1230393
1246222
1255412
1274742
1292496
1305084
1318221
1338781
1351875
