6690
14027
23722
39712
49162
61256
70364
83464
91006
101467
110803
120524
127399
136769
143129
152092
159654
169505
181348
195635
202104
210217
222679
234781
254572
266102
276452
283164
294964
309717
327772
339663
349890
361548
372652
395925
410303
419255
426583
450493
462004
475400
486649
500333
519956
531844
545174
566636
577358
585176
597866
606403
615720
621214
630568
636628
648602
657208
664855
673009
680203
687948
695100
704959
712877
722373
731643
741877
749811
758187
765183
773387
783749
806270
823217
830242
840393
854271
866772
885817
898496
913213
926365
936512
958888
966735
975050
998634
1009281
1020163
1046909
1059512
1069901
1078539
1091503
1099915
1110280
1135214
1147120
1159314
1167164
1178594
1187028
1201119
1222236
1233247
1239368
1245800
1259953
1275554
1284081
1291934
1303356
