2828
13699
48771
60495
71460
162037
174524
185438
196293
210603
219684
244139
255894
265949
283579
307556
318908
347136
386306
404681
410821
417502
432520
497842
505651
537300
556836
569700
593162
603359
624890
646439
657784
668454
691551
708057
738363
761708
773648
784339
820694
838485
847106
851221
863764
883403
905490
921534
933185
940460
949083
958914
991033
1007625
1026289
1044777
1057270
1068282
1085892
1096855
1111437
1124063
1137802
1154534
1164008
1187284
1198607
1214624
1221487
1230025
1247976
1261873
1293319
1319152
1327089
1340518
1348788
1360959
1405326
