2858
5253
9729
15477
19920
24518
32750
40582
46687
51663
56709
63168
70716
76765
103202
108587
113876
122696
137626
155310
165125
179515
183469
197252
223443
232088
237892
269653
285288
295305
303779
309982
323638
347619
355936
366971
370805
378623
387433
391794
396624
406552
412488
418835
437256
446751
453381
460569
464955
470731
481728
492596
501650
510467
516411
522968
528683
535612
541489
546733
556819
563824
576245
586768
594994
601941
610634
615723
625832
631444
641987
659679
667819
674206
683282
692542
700719
709865
720358
725858
736320
741037
749383
759281
765981
771528
778564
784307
795314
801688
807378
825885
833635
838876
843987
850544
858037
863813
868141
875739
901473
919518
928667
972095
1005860
1013896
1025462
1058037
1084532
1102872
1113183
1123509
1128528
1138292
1147702
1157150
1167112
1186123
1199376
