5541
33455
66278
87762
113474
124125
157109
165890
178012
189645
199884
228535
249931
275465
292527
314519
342451
355936
363489
383791
393386
439912
469281
487272
500791
512758
541784
566912
589945
606819
622935
738196
765087
825749
854592
921663
934935
961011
978616
1025685
1060909
1085953
1093523
1146443
1157631
1202446
1221928
1246775
1267954
1277153
1296458
1327199
1342693
1362142
1387690
1435380
1445074
1458044
1522422
1545322
1580183
1692893
1753566
1790663
1821086
