6699
15349
31562
59625
75150
85261
96506
109679
125609
135424
150667
159770
171536
182762
192927
227195
238368
253875
277993
295123
317533
336749
348591
360251
369697
378671
388483
399474
407059
419828
429785
443418
459391
467570
482195
491255
501340
515912
524026
532200
546631
556271
571661
580003
592089
607050
614076
624663
639134
651840
660863
667579
676691
696271
708329
720444
726405
737886
752814
770206
782829
793990
805295
817183
823769
836585
843763
864448
884170
892386
912359
920596
929649
940862
957008
968721
977069
989857
