2618
9438
13221
20114
33263
43317
53747
63554
72773
78444
83564
89159
94415
102427
111009
120195
127497
133122
142194
149155
158192
174493
185155
189611
200069
205209
211490
218539
228665
236849
242248
248583
254499
262753
270079
278811
286085
290559
296311
302961
309756
322503
328675
335792
346358
352698
356511
360723
364035
389125
397577
410338
419154
425117
430680
435284
439574
445670
450202
456336
459889
469065
475112
487351
491365
497018
501009
508459
513861
518477
523223
529558
533861
538392
545246
550371
555233
565696
570029
575313
579745
584727
592898
599262
604733
610095
618529
622170
628213
633888
638928
643593
648235
655933
659826
663809
667889
674670
679642
685143
687764
691015
698800
707204
713522
717733
722807
726538
730020
737923
741273
746307
751369
756761
761044
764759
773178
777240
785235
791308
795789
803085
807906
811997
817685
821756
825298
833543
838867
843947
848600
852003
857379
861930
865672
871627
880500
884044
886886
897963
902706
906297
911867
915738
919342
927691
932753
936683
941614
947079
950341
954094
959180
964452
974275
981997
990203
993501
1005322
1011542
1015723
1021166
1025200
1028703
1036921
1041462
1051818
1059952
1064964
1070367
1074161
1077995
1081907
1090450
1098668
1103129
1107929
1112519
1116164
1119765
1128232
1133897
1137759
1145933
1151196
1156333
1165398
1174063
1178301
1188641
1196672
1201587
1207197
1210042
1214835
1227993
1232852
1244143
1248104
1253797
1259055
1264729
1270267
1274663
1279136
1283692
1289384
1294937
1301722
1306009
1309800
1314576
1319548
1326705
1330968
1336545
1344746
1348867
1352949
1356790
1361191
1367616
1371801
1376843
1382004
1388006
1393227
1417653
