2833
11270
14931
23729
33991
43109
50191
69820
82467
88475
110081
121767
140020
149405
161883
176245
193560
202213
228011
257264
266472
279483
291759
302785
319522
332213
339144
346550
360354
369244
377691
384094
394431
406231
419370
428840
447675
463324
473514
487181
522540
531791
547863
558370
586250
597066
608991
622475
630768
652279
659121
669541
681070
688668
696885
709654
724925
733589
741825
756948
788841
809122
831652
851887
874009
887163
898130
909321
919979
927284
935275
942708
951275
961641
970697
993424
1003976
1009248
1017424
1025604
1037806
1053079
1071903
1083217
1097673
1105895
1120486
1138529
1158697
1172493
1188316
1202609
1218324
1231436
