2922
9153
12774
20877
46851
58954
70196
92159
106524
124710
139333
150316
163598
180501
192103
234129
244151
252062
268706
297606
317163
327466
340043
365022
379363
405671
415514
441423
455619
482746
501486
522690
546048
555098
570003
584939
605703
622859
645349
656572
667997
677858
687664
705859
716337
736053
757431
776465
800105
812093
836611
843430
852683
867550
884346
900255
916484
944981
964698
985058
1002106
1025148
1035265
1055889
1071165
1078103
1088241
1098712
1116911
1125472
1138851
1158376
1182112
1195817
1207224
1227860
1253443
1276980
1302392
1319731
1334785
1351438
1381034
1395901
1416015
1435264
1450452
1466526
1484670
