2822
9240
18689
32765
44089
56544
68331
85828
114332
123124
161666
170674
195513
210612
225253
234280
247670
278912
290988
303941
323481
333492
349382
367382
387050
414394
426720
444817
458559
481665
487835
510248
526638
551030
563614
574249
587795
596099
613196
629178
663061
684621
696571
706917
718769
742869
773001
795665
809070
823062
839956
856989
877795
896208
906890
922775
934243
945322
967186
974855
990049
1006487
1020328
1044838
1059885
1072451
1080456
1096639
1113213
1126932
