2855
15532
26269
33302
64369
96167
131225
149353
158705
184642
202361
210233
222962
248555
262227
274822
288196
309265
324097
359820
382940
398250
416943
437621
455798
472477
492915
507219
531399
554487
572990
592759
617113
647425
661424
723877
748794
801711
820145
834926
857775
865083
870865
887619
897406
908541
916714
927619
941541
969734
1044790
1080898
1101966
1174068
1183614
1226935
1245281
1261186
1275826
1302838
1324310
1332150
1342842
1358617
1364870
1373964
1386532
1399405
1408574
1426046
1435000
1450077
1477381
1496542
