3668
7501
10443
13585
16965
20405
28077
33287
43440
53596
61609
74725
87319
97089
111007
124070
129462
133462
147126
160085
168092
174424
181066
199219
205030
210221
216121
221521
234284
242315
252045
260845
266385
275930
285102
293956
304990
312410
320631
328822
343227
351970
357980
366744
372776
382516
392019
416730
424004
434387
442031
451484
463461
475034
485840
493832
501255
508265
514399
519720
532487
539817
550169
556560
563483
576727
589207
602609
610965
624123
632376
645259
652870
660062
668036
676227
688772
700614
710906
720922
733469
749312
761527
771670
