6641
11568
14620
17690
21286
28502
36649
42204
50929
56097
63793
76496
80069
84162
89708
95492
104404
108600
112576
120913
126160
133287
139987
146672
152871
155999
159803
167698
173974
178059
188075
195418
201558
207873
213231
221743
230663
236177
242251
247740
252215
257927
262234
266786
270892
277100
283087
289439
294173
301479
308194
315010
320057
328767
333016
338959
343566
349591
352296
358518
363183
367916
374358
381779
388799
395223
403721
411615
417543
426158
431400
436304
440809
446170
450402
456328
461718
466962
470845
475898
480412
485004
490961
496186
502065
508920
515236
520218
525171
528823
532358
538186
541877
547081
551045
555060
559591
566113
572629
578692
582504
587016
611957
617795
622108
629834
635485
639347
643248
646921
650473
655240
661681
675370
680872
687152
692118
697136
701706
706150
710406
715015
719616
724112
729409
735566
742098
747067
751329
755047
758782
763318
768383
772688
777068
781144
785545
791690
798737
803255
807492
811645
815466
821069
826230
831533
837924
843300
847855
853801
861242
866101
871184
875050
878415
881066
885296
891467
903414
907858
912097
915876
920171
923754
929831
936002
940050
942977
948041
952866
957161
963125
968631
974388
979079
983311
987407
994860
998496
1002008
1008324
1011907
1017469
