3162
9205
16166
24996
37409
46500
59543
68113
82060
89933
99807
106640
114761
124194
131347
142569
150096
160431
169342
175797
184981
191305
214313
230492
268630
278374
311387
329103
342198
353574
363219
369975
380218
390101
401215
415987
425994
433068
438226
446340
452962
465121
473214
488349
505165
514479
522492
529584
538308
545665
553699
565388
573291
580676
589819
599300
607383
617558
625012
639893
654580
668445
682049
692205
701940
716456
727620
730700
735773
746339
757297
770996
781553
790268
798277
814384
828107
835318
842805
851857
856841
862305
868643
875778
881181
893037
904650
911023
918180
