3280
8002
14206
27693
39760
64472
75258
117293
137964
152298
167757
185589
201273
217153
224622
242338
276150
316331
353184
373257
393397
423479
441397
450178
458667
484002
500772
514202
559807
584397
595222
609557
617061
631758
662669
685775
694744
721241
729730
742945
772919
782884
796051
822868
836671
847007
864516
900302
922495
959452
980522
993601
1007858
1019320
1025092
1042886
1071777
1084155
1100792
1113868
1131101
1152825
1165793
1174721
1207063
1223828
1242761
1280519
1295007
1305614
1317277
1328295
1335971
1342771
1360327
1372271
1382210
1398525
1431270
1440495
1454091
1461910
1486227
1504800
1521254
1538630
