2758
6200
9344
17058
24382
33723
39434
47817
55679
68359
80013
96786
107684
128089
133783
144207
151809
163703
171098
186732
200344
208605
222689
250463
267439
276793
288473
294665
303139
315769
327008
337232
367284
388478
395010
408974
420425
431099
442967
452350
462849
470744
480076
492263
499429
511888
524043
533084
546542
557236
565195
580395
589673
602251
611521
620070
627942
635530
648325
658799
671034
684647
695764
714776
725661
735933
747613
758292
766434
773105
780397
800413
809089
817217
824582
830574
837580
847827
856911
863264
875349
882940
892117
901919
916010
934058
945512
957330
965742
974933
