3075
5395
8652
12132
15293
19872
24564
30586
34941
41773
46143
53358
58129
64782
72479
82101
88874
94479
100736
104746
109400
115828
120732
127310
134945
141419
144976
151642
158335
166674
173045
177657
184030
203514
209725
219883
226079
235311
241775
254652
261484
270657
277660
284759
291039
297871
304706
311217
314478
320430
324602
331048
337245
343366
355095
361840
374561
380791
386874
393655
400539
406901
411553
418152
423251
429465
434192
440849
447270
453643
458153
464522
470026
476146
486126
492618
500354
507028
514097
