3127
5920
9760
12781
16265
19647
25000
29461
34861
40689
44625
49146
52970
56180
59714
63123
67644
72947
79839
85214
90375
95353
98445
102209
107564
114281
120163
125793
130005
134511
138586
143931
147343
152814
156655
163682
167937
170741
173664
176855
181055
187268
191663
196298
200992
206679
212718
224524
229000
233426
239990
249511
256043
260173
266533
271765
276496
282688
286700
293193
300127
308441
316377
320358
326154
334438
337201
340527
346442
354516
362916
368223
375967
384071
389956
394509
400534
404700
408173
412874
417621
423874
430079
435133
442098
449635
456979
463948
470795
478116
484261
492174
501220
505021
508445
513549
518372
