26178
56949
71056
89336
99623
111472
173892
212932
226087
251076
273345
288831
316372
338822
356337
386146
423098
440209
456609
36644
71072
126918
162937
189295
206729
225913
245579
254278
312558
375787
414877
474473
517649
27155
107290
135871
162909
180095
193497
204458
236667
259412
282215
302924
329208
342928
356708
402957
21297
40010
60750
101920
126229
148755
166794
201471
238022
255845
269931
286315
317162
332917
368073
392517
32689
52569
67204
81664
98305
124270
140642
161489
186816
210677
271072
309271
346541
375746
448337
468441
16902
55526
76228
91528
122912
141174
158846
176414
190392
224855
316519
330804
349028
376263
24713
65089
75773
91264
119824
149927
177166
191817
235869
261893
344864
360789
403604
416355
455070
498080
537347
17709
76520
119791
174897
231174
253496
276348
298544
326751
61215
101828
121598
146010
183343
217773
235320
285234
305544
331374
352446
370729
396138
412693
437916
470917
481091
489373
83362
122499
197626
231160
283652
293012
310964
344010
353207
362046
61153
95900
155062
180671
217826
263744
334086
385204
419157
460210
42190
77233
109949
163815
28587
39611
60229
132581
179539
218117
292521
317778
350445
363087
16868
40521
75990
120658
132115
149340
167363
186936
203863
247163
297755
318404
399383
426519
38637
77817
102438
154749
168405
189934
206743
225579
242689
258159
437145
26225
84504
128469
169721
189595
197655
220269
238108
282831
309741
318703
334972
350122
370491
388585
404221
5692
15624
26707
39669
58090
71545
87729
111166
124852
139615
155481
168302
179082
212364
242001
251400
265831
290733
299914
338568
375661
394352
445825
477980
494432
541292
31931
47500
85336
94258
113377
139768
158119
239131
276930
319289
334780
361089
381184
394029
17717
32350
46784
66026
91355
121959
137802
156174
167752
176155
217258
235042
245810
277334
303338
322617
30724
70511
102794
120757
147265
168722
187603
198076
224079
259392
276429
291214
339964
366421
376478
398815
434709
451683