7022
16558
26297
39110
63844
74431
89608
149904
165412
182288
203878
221682
232401
266510
303703
340844
357427
369666
393347
424126
460686
488624
501353
521181
543681
557485
595901
618857
653580
673682
705372
721427
733455
16333
38479
67299
95743
109989
119978
132237
161951
171360
186445
203705
239800
267063
298225
324746
337063
358720
366734
387821
448523
27304
41205
49170
87166
102519
116899
124937
142186
149479
190629
208201
217826
257467
282671
317267
340244
357417
375390
387325
401884
425436
471060
483328
41416
54391
68875
82412
111937
125621
149258
169552
190499
207327
260879
281711
302003
324707
335214
347545
357985
387057
404880
456955
478741
502556
516103
538694
571721
610163
650374
675266
688596
707196
722431
741478
767589
787949
802838
814717
834856
855205
865243
872536
51489
62021
98793
139098
181091
201379
251843
262051
289209
335853
348799
372723
389210
398635
410125
429390
455380
475042
36678
126234
155810
194973
211379
220333
254235
277074
299123
317380
328580
358798
390637
402374
438778
457191
474088
499548
40374
73325
100690
112015
124987
152024
166772
192884
207364
266732
276541
287712
316008
367469
381496
13582
31971
53838
74345
91446
114414
127443
151806
191127
226159
254269
265104
307638
323803
356030
13978
24989
44513
84286
124772
141714
175392
192854
216898
233887
242563
266691
290220
299019
326035
334806
404851
426654
440313