29344
51434
134549
159552
184118
206380
214043
229539
248353
274915
288960
302502
320914
370883
22418
54794
95124
135798
217790
242088
289715
326550
337358
377399
392019
403633
39983
55932
73806
93012
104327
115258
128477
154446
212222
30463
62958
103624
118589
150159
169745
198557
227571
255926
265661
271756
302275
311263
324213
342804
362457
24667
62183
80534
100966
160186
53070
97421
121613
128815
149130
184612
238246
262452
287314
310881
321677
342770
355737
8035
48751
73194
112750
136071
157831
213677
246813
261190
280277
295839
390905
18975
60994
85996
143774
188502
212875
227608
254740
269705
301792
323640
349769
367742
385801
50849
139732
155821
168826
178755
217424
230977
246672
276894
301140
352035
382056
13841
29421
55714
68489
87126
139394
162215
188513
195621
229319
238947
252041
272357
287725
321488
106495
129380
147014
176297
194212
226303
258114
310207
333163
346022
369154
460846
25962
49892
71770
87526
100407
137048
145860
155425
184486
208370
232870
255085
267156
317043
354501
383049
396431
426985
436706
450636
466438
33496
52740
74989
91928
106843
123041
135382
200099
213936
226538
275384
319747
340080
355411
366701
391626
407391
415934
438120
451552
480951
510352