29217
59550
82731
93744
122883
198133
243103
259449
285354
311691
327082
349641
368062
391932
68447
112201
146335
185717
211727
252411
294897
338502
366093
382414
408443
435012
462289
476229
493186
21460
100008
116679
141735
164040
202930
228351
273320
306585
321105
349701
362995
38103
68004
84543
104652
117669
139380
158166
217325
246687
272274
290608
322446
358127
429795
450752
37438
84248
110396
146595
177189
218886
250719
261835
294602
310242
350708
370305
384390
404498
430579
5408
33908
103509
180283
219170
276004
376793
402505
437609
449664
462644
500728
86391
124198
147305
208145
254879
286595
310530
397901
450334
464604
35401
80414
106037
161741
177957
190971
225026
240451
278798
314011
333632
347962
364059
426592
443494
480019
29853
42837
54299
72476
104142
116116
146276
176196
201042
270636
320036
351124