8890
34159
44838
56621
77303
85726
134165
153992
169441
193461
208602
223473
271023
285649
305908
321652
332575
353358
397386
416066
436298
465038
499533
45480
81003
105185
133640
147492
179438
228514
274026
299317
321983
343898
354758
364964
398856
427084
46451
76011
92542
122819
137913
158833
171005
183889
222908
237489
269250
303175
322463
359060
392502
405676
15088
37404
67248
89052
103964
117730
142607
165267
196766
207545
231169
243716
260718
271804
313722
338630
369432
406997
447500
456643
481049
504064
519046
6685
25458
47463
59231
71828
88641
133150
156813
175215
186578
205926
216257
247393
11287
64289
74684
122727
133598
147429
177407
190357
212353
254157
282365
333246
364378
394674
18924
33985
50755
72174
150261
170889
193004
213202
223229
244635
256543
272572
293994
329073
360513
379239
49937
71811
105966
155259
209658
247209
261565
309978
320715
353793
17468
31191
53539
80009
106493
122055
164785
201660
218223
241992
274926
284909
296695
315205
333091
356767
375602
438330
466818
539828
593542
36253
75381
100043
114127
137409
150404
183648
194260
203093
228738
242417
296755
346017
356462
386114