15494
44642
68414
100685
126103
140295
192995
233436
245331
262178
314886
334223
361439
372907
384975
396847
420588
438462
16217
35839
48963
57883
97316
124484
178401
196472
240911
277154
304582
319452
337089
345908
361410
376753
394356
416172
427138
438263
480515
510302
541100
13127
19874
27494
33032
41139
46394
70669
86174
97274
125934
152418
174095
199439
213491
243696
254782
276627
304133
318627
339386
372663
404199
418350
428584
458104
35907
57033
64920
76393
93273
109453
148039
157972
172409
185164
192495
209321
224754
233462
264147
274049
290635
304596
8373
21969
40861
64357
80701
109793
120833
133125
147893
175747
189342
221355
238970
251405
259916
266315
278412
304920
322158
344467
373113
383504
422873
438884
451602
460090
488438
534733
563030
583398
606102
19832
47520
77889
93847
119890
136313
197035
259638
275797
310087
326964
351130
399329
438549
452250
478114
38331
103124
143621
156085
215454
240836
265291
294903
316712
343042
353779
378826
398270
445242
456814
27392
78848
103266
132361
174077
192107
217411
242868
289378
301010
319371
337922
353768
413547
31693
76543
89211
96970
111978
128746
159856
187962
221356
236508
249101
261809
284390
313551
327691
347649
357111
380222
395842
403334
412725
422228
430737
441622
447130
462530
470022
487049
506175
32200
71784
96413
104128
120606
156119
169260
182804
220961
241354
253051
263283
270800
285552
312384
323691
366463
399506