13709
25434
51014
70051
100519
118445
137695
162322
180670
203363
223733
238705
267990
285281
318855
342250
361309
381011
397464
15090
37058
61556
72729
110824
149489
170380
183648
199945
240808
255677
317001
335085
359965
389053
7559
32559
51714
61567
77202
90936
103314
134401
142614
160438
181337
211669
233859
252445
261868
277219
307011
333111
341642
368877
383992
392359
56727
101714
125803
157359
174339
192320
215964
270181
294154
316939
327753
348331
373897
398815
412795
426502
439901
461482
473135
513815