43234
64371
116006
155463
183678
202873
247516
267912
296111
309474
329023
344701
15159
42203
87814
121352
156468
177680
208258
229182
247120
262292
281304
314572
345635
361797
377708
403382
426973
458676
49724
79983
108955
146984
166926
187011
221255
262562
273018
327435
350551
31641
55278
70728
84974
126275
181662
211613
235739
251445
290416
319252
345348
383584
401523
415807
19444
44056
59860
80722
101265
117937
159046
175750
206881
229637
246280
257316
273560
305935
21648
52953
76446
90430
111007
135534
168552
202287
228425
248588
270441
292832
317182
332513
363416
389999
421243
439673
33161
62063
78374
101563
125257
147133
172139
200172
220137
272545
309557
346487
375950
394127
443123
33974
55235
81928
95420
111129
136216
157865
173556
16520
31036
47212
62304
85097
111085
150246
163744
198345
225005
244182
268643
280002
301802
317891
337088
365109
399535