18736
40444
61085
67218
95811
108081
134164
154579
201755
214770
220931
237633
251168
280088
296618
323007
331849
347135
20936
57073
85681
98506
120719
158149
172638
185164
206218
243796
264616
290510
307553
327427
341346
374524
390443
405598
420014
443790
462265
484864
494207
521074
533522
551341
564491
23797
61664
82625
95347
141957
170676
186028
227311
249347
274019
303969
368469
404125
488540
503530
6038
17754
53468
88824
121036
149868
164403
182322
191250
215018
232548
49183
64131
86952
111034
128200
143156
158570
185072
192233
209256
228120
237061
266130
285376
296241
304224
327177
368270
383263
50288
61930
78374
108562
137684
148639
157338
167370
200929
219792
234370
249419
270352
283787
320042
330325
346694
377505
408100
422829