21705
49128
70648
85316
100024
121740
141005
148496
176608
185643
201315
221718
243311
253462
262889
281978
5277
21456
35461
73293
82097
108138
13400
36814
61575
88972
106070
131029
151787
179002
212094
231503
247067
277843
296118
323474
334229
360084
389174
409493
424078
445217
8416
43950
60733
78333
114255
156401
184298
199064
226496
250212
281854
307620
317137
325724
340182
350343
362266
376411
410873
428397
445526
454400
465392
475445
492102
32739
65598
90631
118397
130714
153449
162533
177760
203504
226329
23517
39887
58711
71833
79940
101356
120475
156761
168826
181245
222807
245893
17868
30305
44389
77919
104173
136265
149215
205280
221596
238653
259954
275049
290964
306774
328764
341049
382033
20688
64494
90657
106244
127613
142578
189575
213725
237916
253039
274801
326410
355534
369353
397385
412257
420438
447130