23323
41825
51681
72742
81561
93446
114586
123679
131900
156043
183979
204769
241949
269818
301596
339705
363078
386094
393519
406423
418334
429555
445523
491611
25669
46668
63250
102390
133240
147584
169739
183977
195090
210022
229058
258231
268799
297330
308069
317709
329950
344537
351761
374874
388669
399126
415809
464500
21799
77713
101935
123530
135773
148165
187399
220195
257481
269370
333715
361114
386099
427600
438913
452271
494209
512393
530918
543522
570903
602908
616284
5722
16471
27956
58403
82602
101583
144132
24393
41741
50219
59730
72085
81257
97289
118005
149655
177824
204004
10338
29557
46740
65776
78363
87828
105254
115904
138553
149258
177957
199993
222426
234949
281692
297252
325289
352609
378086
400372
411256
430440
444264