6010
18865
26282
35469
47534
55712
67018
78125
91830
100714
108562
117352
123940
132374
144535
156488
168907
175815
184095
197619
205611
221570
245435
253294
262596
272008
281921
293965
310673
320424
328848
340035
349218
361078
367829
374478
383980
390723
395890
409955
415692
422388
432667
440672
450253
457941
463231
474339
483298
9517
15728
22210
33547
41309
52361
60698
74571
81009
93350
103188
112685
121042
128168
135024
142060
157741
174366
182123
192007
197390
204107
216461
223290
228758
239827
247790
254328
261347
268077
278132
285239
293636
300876
306710
316161
335285
342339
351722
372804
381244
389174
395012
402883
407872
414370
419996
429192
437754
445162
451779