5344
21005
51945
61997
73096
85065
93056
109642
120575
134729
154575
176493
196827
211468
241957
254661
263333
271912
283627
290265
300918
312633
328786
344261
359701
380967
405725
434403
464970
477744
14078
49543
62023
82455
106671
127681
135817
156718
187476
201057
211631
222785
237062
255903
279684
293317
309168
318734
21730
41351
82816
110743
143503
160717
180246
208542
217481
228220
239473
263444
276748
296998
309238
322869
357124
371734
387969
395060
418595
26674
46810
68290
98955
109919
154834
186395
200309
220272
234227
246850
265296
272268
293261
311418
324734
332754
343357
361105
379099
388638
15241
26698
40071
53356
63409
79865
88601
99660
121038
134204
173293
192770
216789
233121
252421
274699
292617
305454
334950
359421
384836
411677
426666
439556
33426
65921
86816
110567
132143
163868
196419
204321
214424
229856
240078
279194
289482
302611
333049