7994
31814
47347
58159
77351
99214
113315
140990
154365
170974
180092
191564
227874
243573
250010
272370
292151
306050
331019
344605
366984
379514
387699
25679
44793
72671
94185
104454
120699
134897
146859
166972
177845
184522
203366
220538
23384
40642
51428
67103
77764
87998
100341
111183
123575
135977
149656
160129
173284
185997
195139
208128
222911
232339
250075
265844
274670
287153
300479
324649
350111
366717
379794
412859
436735
41380
51304
64522
73365
84740
99701
111387
126911
143992
155644
178699
193681
207442
222281
233618
240756
262000
277934
287438
299208
307670
330276
342362
363706
388178
397060
410505
4337
30892
41294
60496
75160
92003
104353
124094
141595
168100
197937
213588
229308
243747
263468
273821
286924
305342
319644
344427