5735
17689
37749
41405
47780
65317
77593
87098
94463
103805
119585
127881
138075
151000
179259
209980
231979
17264
30777
45499
60996
78325
100835
111546
134468
157992
167514
193044
204658
215531
250050
264086
274685
290130
321456
355446
32371
59875
111339
125864
165324
209680
218570
238724
247006
268174
283418
312679
350326
360943
402883
11232
18151
30148
53652
59609
69603
86239
99223
109055
114398
128942
163422
8242
20672
57270
69274
94082
107079
119564
159101
167726
177617
180327
208356
221379
235580
239406
252888
258187
262240
275288
292027
304147
330659
340196
355535
18872
33817
47608
62691
91585
115801
150097
169110
181055
194267
205093
218687
240069
251586
266415
277742
284077
289658
303209
315057
336029
343585
351328
376133