7150
23646
34526
44933
76085
86533
98084
106699
114710
125411
133601
141502
149395
169030
181653
193296
203873
214920
223097
231971
244638
261387
271801
286882
302301
313209
331501
346919
355729
368222
376614
384873
396533
406323
414700
418915
460658
8041
21400
26789
33125
48820
63462
70330
83410
96044
107460
121442
134669
143221
151711
159405
167056
176568
191746
203096
213095
223106
242896
10666
24659
38892
50162
58956
73378
84974
92745
102426
115663
126759
133987
144687
152833
176838
185662
210524
225229
235196
241646
249881
254942
262553
270965
281273
287750
293110
299233
307439
311542
315294
324868
328804
335351
345016
349696
354997
363957
374717
386109