8185
19471
30576
59696
87206
103043
113988
140767
149434
155849
161042
189305
194155
211614
244117
260134
275041
283269
292019
301139
307573
317972
326370
332133
339898
353040
363862
372296
5123
7502
15651
20877
29200
33732
42057
50550
61815
65952
91112
98869
110619
115672
132010
142974
152191
156879
167905
171855
178313
185075
198067
202788
208445
212252
217561
222502
225663
230531
233569
238558
244326
247912
251352
257136
262308
268395
278302
301497
349178
352633
360944
367872
376921
391376
403868
436539
448863
453479
463316
467971
477771
513464
524530
7663
19364
34552
53701
67107
81623
98158
104772
111260
124462
144787
151699
182084
197316
206999
217123
230856
248243
259747
287456
310124
324095
338245
369619
383823
8810
16042
23555
43937
52152
59140
73285
83419
110580
121332
139405
152130
158054
164659
185278
197778
237619
267690
286616
300273
312865
330659
353639
363841
369266
396313
412566
424480