5961
15506
27787
49052
59427
82088
96339
119322
128853
141971
154681
168209
180829
195593
204372
213055
223164
240259
252721
266994
273741
283623
299260
305849
329593
355993
366938
374778
388340
12331
24849
35104
46746
57244
70288
80092
88852
99252
110039
120184
131814
144062
160263
174201
184592
194017
205837
217093
225091
234532
247289
276658
298418
308396
319992
335903
349524
369689
382664
400757
414288
17689
42057
54959
66352
78859
89786
106381
129852
140843
149934
165370
177927
191973
207777
225053
249355
265953
282151
302944
315559
325559
336831
13905
38243
47459
57917
88060
99947
112878
134140
153954
168019
178656
192468
202551
216815
241584
254502
268071
275443
289265
298597
313369
337397
349676
356785
365252
384981
404691
412930
421616
434439