27599
34661
40699
58941
85742
96802
133773
153677
169162
194762
205282
227299
255418
268607
284342
312205
335661
371491
395514
18271
40857
57765
78688
89995
121113
136968
156856
164592
174950
195192
212383
245660
278725
288685
305816
316547
330594
384116
7825
22089
49129
61493
74131
204439
220202
232315
245407
260198
269910
299831
314556
328522
349083
375916
389107
418066
467489
13343
26266
77252
97472
108364
113436
126922
149356
177447
195227
208538
221486
232404
245795
294057
312546
338495
353721
368045
380026
400402
415712