11169
21329
35476
49256
57756
68916
75116
88335
106210
116323
125249
133187
141902
155843
165391
174418
197354
205278
212060
219251
229490
238918
246362
252870
264721
290486
304039
314299
330270
338121
347755
362103
372267
377884
402587
418767
431283
437160
448315
458245
469460
481892
500481
507790
5436
15247
24946
30927
38188
52385
61165
68869
95392
107635
116446
126687
132927
140527
158632
171181
184469
198313
204718
215321
224356
233441
240763
247536
260751
270678
283220
298136
310947
320142
332632
339430
352548
360193
374188
396047
406437
414752
424784
5830
11206
17114
23071
28921
35368
48051
59433
66828
73634
79840
86846
98572
107615
139493
147717
155385
166987
191936
213431
227152
246522
252677
273780
311800
322247
328498
374618
388631
401239
411242
420020
435189
467674
477773
491230