21877
36439
50321
59018
73969
86006
103081
115091
128524
140699
153277
160029
172530
183200
195427
217579
225732
246724
256581
264838
276337
290018
302223
310684
322939
26059
38592
51630
61634
74785
86612
96660
103408
117081
125942
140570
157033
166182
180770
191159
203752
219776
229119
237874
253727
263834
283547
292479
306892
321921
330185
342542
360860
377921
389983
396869
405620
5533
14230
31512
61853
82238
94341
106979
129745
149245
158130
178167
187009
199054
210986
220611
236505
249716
279947
308892
327130
354940