16059
24246
35105
41752
47740
56818
63139
73665
79263
92628
101529
128824
135674
144502
150990
161250
167549
174018
180339
188243
194379
201092
211878
219931
229270
238820
245284
251078
256543
263542
276179
284268
291453
299403
312577
318220
325951
332336
339298
345099
352640
362251
369111
374296
380117
388542
395054
405550
411419
416316
425290
435327
441882
448158
455196
461703
467444
479175
484684
6295
12216
23014
31698
41983
55620
67956
75375
87553
98364
104958
113415
118438
125109
131387
137822
151803
158392
166486
174379
181921
189508
196264
201548
208020
217013
226448
236760
242660
248866
255579
262136
271257
277156
284281
295069
300326
305162
310274
316206
323606
329728
336208
344370
352304
359846
387784
6129
14772
20387
29217
44122
56916
68602
79445
89190
95578
105031
113209
122728
132402
141075
153368
163354
171600
181535
190894
203029
216543
229896
235431
247720
254639
264946
275125
287599
299102
306059
315363
323261
332807
342715
353148
364300
369802
377179
385362
394232
410779
418656
430463
441840
449465
455157
463254
467656
496392
506336
522684
8736
15578
22607
30693
36965
47236
53899
64525
72421
79536
88685
95113
100194
107426
113274
118974
130402
137682
145708
153343
158598
167695
174632
180049
188860
201753
209371
214489
228911
236596
241730
248961
255411
260733
272595
281749
288032
297234
304847
310724
318052
324862
334964
349395
358716
369662
375505
390070
396422
402203
409480
415688
421358
432719
438860
451811
462058
468897
475603
483822
490051
497874
509523
520009
526887
533740
540073
545881
550976
562758