9689
23034
37191
48886
55497
71606
86886
107984
121489
160475
189052
202566
220680
264304
278091
297599
312162
345735
361055
374642
393687
403954
429528
438558
452629
467981
475895
488402
508950
35792
49519
61729
80231
124658
155958
181678
207798
235826
251859
264060
281891
301891
311551
322301
331896
343550
357093
367430
380968
395996
404624
415366
424328
438056
457297
6705
19575
26262
37853
51268
65335
74925
105900
124702
136366
165738
181841
206031
219903
238088
255072
283320
294962
323999
355926
369452
387202
402984
417254
440117
454143
465411
24153
40201
59377
69218
87010
109765
135926
152170
168542
191690
210861
225893