7729
18121
45101
62832
79290
96350
131116
158850
183894
205856
230548
243151
273976
292329
302597
315932
330704
350490
358970
373763
393866
422348
437091
450093
476782
42215
80066
110602
136433
154202
178293
211913
228159
250898
276961
301260
321118
340906
17580
45051
61286
114507
129441
141055
165360
219677
243404
256391
273486
312810
331716
363477
377326
423088
436356
42795
70397
97132
129301
140241
166182
187886
223303
252299
285482
300725
313353
326409
338672
365806
380752
409491
438980
467363
506160
523427
550749
6243
16799
22430
32978
68526
85366
98236
131763
151096
180456
198784
210657