14956
24760
36014
44535
51511
75120
89862
103100
114022
127895
138276
154765
162954
171799
182286
191767
204018
217845
229279
244342
260100
277433
294791
305795
5549
10971
16354
22208
28506
34631
48444
58929
73988
88858
102051
118232
136631
148663
171830
192955
203565
212317
237044
254962
267216
276046
286688
315944
324817
334327
342471
350231
20188
31062
44992
57136
65934
78364
92940
103176
119260
129667
140898
150124
169740
179495
187651
197435
205778
216436
229088
263154
272046
284890
298288
308793
323215
335673
348462
358718
369263
377836
385465
391621