7148
16413
24263
31426
38810
45499
50856
56885
67093
73549
80758
87936
93656
99604
107689
116284
124524
129570
135406
170433
179969
188933
199325
208206
213686
219473
226607
232151
238806
247652
265901
272617
280226
286661
293169
299724
306745
312760
319720
326792
333770
342086
350582
360103
367564
373715
380060
387633
394347
401203
407554
415940
422572
429425
437902
446151
453025
459206
465354
471812
481658
490736
8034
16559
23665
30535
38658
48853
59029
66029
71746
77120
82242
88325
97154
113857
120347
127162
133008
141559
147649
157663
167049
173560
179867
188852
196528
203028
211663
218969
226791
232847
238598
244498
255353
261253
266942
275028
281109
288334
5644
12832
16516
20156
24996
32480
42145
49782
59500
65821
73799
88568
93277
98686
105849
116875
128390
135478
141767
152856
160083
169275
8180
16710
24773
30358
35549
45094
55503
61502
75303
86997
94726
103295
109752
124310
136733
145331
153967
161988
168140
176657
182709
189179
195882
203596
210839
218999
226159
233650
242512
252183
259028
270441
277650
286801
293781
301926
306958
315222
321389
327810
335795
343116
353545
361226
370775
380016
388129
401052
408328
415058
422263
430141
436728
444463
451561
457981
463794
470905
477226
483576
490201