6251
12874
20773
29723
36667
44440
52233
67799
81688
94392
105600
113687
123401
137935
146610
151161
157475
168432
183061
196505
206550
215804
224716
241379
254160
261439
271632
281696
289527
294633
303299
309359
315889
328595
342382
348549
356211
7548
17041
25447
37375
56270
67000
83345
94902
110946
121400
131787
140996
151528
164142
172149
188483
197001
209610
219232
228521
237446
6823
39701
62931
109363
121306
164120
185759
199301
213979
228840
236387
250280
259338
272558
289706
300294
312028
318711
328512
336791
352859
362031
377142
396900
409822
421880
430914
440998
450852
459804
470862