25244
43353
67822
85219
95287
107774
122634
140747
154129
164103
181498
197379
214459
222480
246876
273697
298310
307895
358038
371867
401097
421737
449557
5999
14418
29913
80813
100217
132540
182531
229822
46475
78871
105915
116477
123387
134653
140221
165656
186423
203420
223842
236473
264687
308908
336886
382373
402317
414011
428187
441927
450791
477030
485820
497169
19094
34503
50755
65201
83108
98689
151941
163474
174525
206327
245697
263029
275994
295643
313636
340451
352129
381526
395555
417068
439035