29913
51116
60152
69981
98002
129143
145092
197933
230915
246945
263364
273915
289621
334603
361535
373065
404280
416217
429658
462343
13864
28361
59070
80565
92613
110798
156400
172405
186861
209997
222524
235255
248072
254342
272444
299992
314002
332075
344492
363144
385184
399063
408746
440875
458660
6034
11161
19319
34636
48022
76196
90582
122928
146857
164831
181561
199056
218911
235378
243455
259943
279739
297322
316588
325442
344142
20170
70984
85875
97356
109895
120378
128382
136909
155416
168145
180780
198523
235501
245740
258913
267749
298594
324356
341610
359611