9488
27043
41258
57781
72855
84578
110039
125050
137442
151211
164232
176270
184984
194594
222734
236110
246386
255292
262199
271615
282973
294801
305066
319174
329710
339670
349574
366044
385634
400083
413815
426173
437326
5815
11387
16363
26073
38728
51434
59943
70412
82373
98237
110270
131164
143310
166321
176369
189702
200216
215273
224383
243237
260006
271444
297399
340430
25337
35953
53152
61084
72305
91852
106240
117708
149931
184272
193447
211754
224289
236530
252591
264369
277259
289044
300305
314871
323895
340676
356917
372706
389084
405148
415198
434019
445196
465125
479704
492257
500609