6159
10728
16211
21290
26321
32763
39700
49494
55549
63712
69934
78240
84362
94436
104915
118025
127515
134552
144338
150075
156948
166201
172664
182221
190990
200754
206623
214247
223314
234030
243299
250201
259712
284081
293342
307208
316676
328795
338070
354474
363918
375257
384761
394314
401685
411171
418820
428175
435781
445690
452643
461996
471059
480789
496957
506688
524125
533523
541800
551026
560415
569896
577586
587196
595946
605998
611744
620783
630882
639858
646205
655463
663298
672496
686631
695713
705480
714824
722414