5934
9846
14243
17939
22333
26573
34941
41523
49951
58455
64100
70984
77116
83112
89820
94939
101493
109204
119748
127217
135049
142419
146790
152404
161434
168537
175131
184259
189883
196209
201342
208613
213441
219513
223898
236247
241534
244778
248991
254987
261262
270065
275943
281795
287804
295542
302950
316759
324465
331332
339008
351663
360314
365616
370995
376623
381510
388471
394396
405265
413904
426734
435455
441630
451993
463648
468386
472873
481105
491453
502150
509513
521119
530044
536415
545132
553010
560492
565869
574048
580801
589082
596866
605328
614163
623577
634696
645025
654036
663403
674048
680670
695516
701095
706071
713431
719140