3151
13175
20886
31881
49841
59883
76400
89457
101705
120127
134511
144434
153298
179014
198456
206892
220008
240741
248796
273583
307523
321899
356074
388823
410027
459400
499346
525066
542548
571170
604458
641754
654458
689885
707599
726025
745339
758732
779529
800175
821060
848285
857036
868255
884088
894170
906107
920377
942543
967499
986405
1004718
1014275
1022277
1052829
1068028
1075916
1098152
1119232
1140552
1163929
1228240
1258627
1280982
1295769
1309502
1325282
1345551
1364542
1386520
1403121
1423926
1435136
1447211
1501449
1517835
1549489
1558394
1569984
1596310
1619346
1637550
1652652
1690409
1708237
1769469
1783533
1815749
1828877
1854442
1884443
1916149
1930457
1962048
1981515
1993581
2025163
2046679
2063800
2079200
2090212
2114147
2192262
2205658
2222241
2249142
2268889
2284121
2302472
2337653
2357624
2374941
2396971
2427206
2456401
2471703
2484702
2498503
2524723
2541939
2572730
2591645
2606147
2624746
2648097
2678859
2718049
2733018
2753200
2774406
2790963
2799777
2823114
2855695
2873494
2886511
2926839
2946996
2957469
2974165
3005802
3024973
3048036
3098267
3131003
3163687
3179679
3186583
3204566
3220816
3248005
3273968
3284865
3299213
3314500
3339009
3369193
3382054
3404725
3432211
3446534
3467071
3476829
3495084
3548027
3585842
3597517
3621380
3639849
3657835
3681517
3700634
3717943
3743238
3776728
3791561
3807400
3875011
3915098
3923605
3938071
3953646
3969915
3989909
4026779
4072055
4098326
4168474
4193947
4218509
4231201
4259660
4266051
4282206
4303006
4317944
4389227
4420991
4451807
4465587
4488901
4513830
4526644
4559882
4573347
4586173
4597335
4610415
4629200
4644415
4662562
4684574
4704487
4756066
4810400
4839413
4863718
4926847
4945001
4976202
5003642
5056243
5084751
5105332
5120866
5135825
5150548
5156547
5205902
5259613
5290213
5342240
5376377
5444638
5474502
5527198
5554003
5594538
5603205
5618635
5644729
5653230
5660574
5683423
5693128
5712644
5768770
5810782
5848365
5916703
5939031
5972816
5982777
6041410
6079723
6134351
6158987
6194882
6236479
6307535
6356085
6383971
6409943
6425252
6467282
6500777
6548853
6584652
6602809
6620983
6638127
6661491
6695210
6728141
6756310
6806418
6817644
6842857
6867064
6892172
6909327
6946567
7088019
7123092
7155655
7186679
7246538
