3076
09920
17175
29619
50808
60831
79009
139358
157688
173578
193648
212808
227053
265261
297166
335745
366716
382629
408394
435606
469093
499074
515619
533350
552525
579933
620411
645941
674357
692891
725314
740921
758554
772811
781257
798670
826796
865005
881676
915317
931484
955016
970380
978381
999497
1027633
1034649
1059412
1067063
1121828
1141339
1157147
1182608
1196638
1202278
1240022
1255038
1266643
1273150
1288012
1294068
1336349
1352898
1365651
1401569
1430533
1456601
1473041
1486593
1504154
1515321
1527874
1550597
1595469
1609248
1646743
1655167
1688081
1716991
1751444
1767433
1803582
1812026
1826810
1859710
1872127
1898069
1912524
1921226
1931677
1949768
1982875
2004314
2038987
2050701
2062388
2077615
2103720
2116200
2139196
2158644
2176160
2194449
2240618
2265099
2285581
2311353
2328048
2343966
2352771
2379165
2393587
2433422
2459387
2479053
2493850
2514578
2543818
2574716
2607915
2630749
2642255
2658503
2669704
2684700
2705210
2721666
2733181
2744682
2766915
2784274
2792022
2798167
2818234
2851959
2884525
2913507
2926574
2940922
2951693
2981222
2988939
3007262
3025422
3053288
3084627
3109331
3134007
3144448
3160346
3166655
3185205
3226037
3258190
3328695
3347493
3385879
3402556
3408697
3437898
3457269
3475490
3491034
3506099
3534961
3556723
3566621
3597375
3613933
3638021
3660734
3673178
3690008
3720874
3737525
3758011
3779908
3791640
3812092
3845831
3877731
3902588
3912663
3945497
3964700
3993113
4020258
4043615
4070676
4082248
4096014
4124027
4148216
4182065
4199394
4259700
4268023
4278910
4306396
4345700
4372908
