7226
32642
54328
62752
77049
91403
103147
125916
134009
153770
174726
202550
227391
244725
252336
272460
309552
331878
338039
365743
384227
392487
404721
414641
443171
461097
487458
506408
521121
542366
556848
578144
595761
608675
633964
648113
681546
708644
725096
742452
759179
805570
844099
863846
890733
906450
919953
942856
982861
1002994
1023304
1032225
1053520
1073776
1105685
1118529
1130173
1142698
1161343
1168947
1207024
1220375
1235207
1256881
1267275
1299491
1333944
1351419
1362405
1375422
1410451
1427108
1480375
1496001
1516517
1545707
