3619
17125
38071
74674
107025
132855
150319
175204
192970
208813
221680
241084
269231
297304
312049
324062
357252
379219
418722
450400
473095
489058
504834
533356
588893
610767
635450
653552
689960
718697
743537
772110
789434
804157
850873
872721
924128
958658
984957
1006825
1051650
1070548
1097825
1114330
1131991
1146000
1167551
1188564
1217812
1235603
1253929
1267432
1296428
1309369
1338311
1359610
1374213
1384194
1400705
1426599
1457827
1482206
1496489
1517014
1536118
1553564
1581695
1608696
1630060
1682152
1715442
1752437
1794031
1811204
1854645
1868928
1879526
1898681
1911244
1933860
1961296
1992200
2003403
2033644
2050987
2072855
2093683
2103311
2124324
2137003
2153470
2183254
2217509
2240545
2270529
2292833
2304848
2321052
2341358
2369297
2402230
2426787
2445468
2462137
2482389
2501041
2523358
2556352
2577006
2600807
2616472
2663080
2696337
2723807
2749358
2766655
2785600
2814649
2857072
2875599
2930014
2949663
2979268
2998078
3022543
3035417
3052446
3074511
3095601
3121424
