7189
19015
29015
49646
64928
81891
116589
126163
141127
154858
177042
188986
197613
214842
228178
251030
260346
288339
323395
345967
356977
400383
412454
445621
468046
497570
524912
535023
551830
563435
580824
626385
647147
664900
675522
684958
715972
744150
772237
783645
833946
852333
869031
900809
909819
922519
952587
966190
984925
994109
1015820
1042126
1054960
1081297
1096071
1105361
1123518
1135239
1144856
1160664
1167896
1174978
1194640
1223970
1242196
1267152
1291295
1319181
1355493
1372188
1391493
1398188
1409448
1419475
1427722
1438420
1474630
1495520
1510883
1528947
1560086
1579126
1595784
1617873
1640374
1653987
1667625
1696699
1719718
1729118
1752891
1762233
1771148
1782759
1797399
1803750
1830105
1840333
1848575
1872627
1926182
1947515
1962327
1969683
1977075
1988999
1996521
2013640
2034915
2063824
2094977
2131905
