7151
18224
24116
31652
43594
49988
60100
68811
80162
88148
94961
102926
107950
114301
124022
134228
146985
152469
159361
172015
179092
195921
215091
222236
230622
243503
253161
262757
276792
285195
291236
299732
308000
318425
323918
330000
336951
341038
345661
361016
366228
371080
380473
387757
399885
406767
411838
422421
435054
445272
455487
463041
472309
479691
488537
495870
505705
510857
519464
527730
534991
542774
548549
554501
559661
575564
589553
595519
603824
607799
612673
622272
628363
632246
641898
648090
653341
658384
664375
671043
676876
683489
689149
694565
705675
722546
727603
735443
749677
756071
763640
767582
772193
776404
782074
786807
794822
801829
808302
815214
