3302
14319
38149
46224
55096
63231
69713
84088
93706
105160
121780
139984
157912
169918
196258
206170
212795
219425
230512
240082
249743
258688
274631
292242
303455
320691
344752
374038
400026
411768
433710
452808
472100
497838
507189
542571
569516
581413
600115
611847
627459
647003
652983
671356
686069
699870
706762
714605
733458
753649
764632
778988
788949
802531
813485
822070
836973
845373
855398
874246
890869
924937
941357
964175
981316
999567
1024614
1041077
1054397
1083298
1105714
1129560
1154123
1168195
1186387
1209690
1240195
1257427
1274923
1295384
1321631
1346084
1352734
1361987
1374448
1384145
1408456
1417006
1432059
1471061
1488224
1505243
1534266
1556019
1578990
1592322
1610008
1641602
1649915
1658608
1668720
1687172
1702353
1718627
1729008
1742609
1772751
1785463
1799030
1805000
1828204
1839125
1872695
1884169
1897112
1920584
1939318
1945320
1960881
1987055
1998496
2006583
2014584
2025905
2045566
2064843
2077324
2089357
2099717
