3320
28981
42869
52653
73454
95109
113515
144387
156724
172886
181920
194614
229392
246257
255634
279152
304386
318669
339230
354835
376490
388076
396831
447006
457575
470172
478577
494764
506833
518173
533224
548305
558896
579314
594003
605774
618859
629618
636325
653776
667801
677465
688469
696471
720625
732369
752142
768573
777029
788797
793077
817866
827738
845083
859239
873466
884907
905218
923778
949292
976849
993494
1008486
1028547
1053014
1063249
1075510
1094586
1111341
1137007
1157300
1175083
1184464
1199311
1209842
1219935
1232699
1244273
1258110
1270969
1284854
1294567
1313300
1327438
1339159
1353504
1367872
1376079
1409080
1423917
1431922
1443093
1455770
1478100
1498173
1515636
1528787
1560954
1582676
1602801
1620303
1647301
1670265
1680013
1699532
1711581
1722003
1738909
1748475
1757492
1776823
1799999
