3302
5045
11435
15665
23218
26699
34698
42411
51789
55170
73099
80036
90056
94234
108597
118031
126142
129947
142666
145718
151334
157299
168979
172779
177577
180894
184234
187499
189420
193460
195522
198907
202992
205764
208344
213172
217522
222553
231326
252429
287613
290397
297132
304021
311003
322809
334525
358245
367821
371651
380472
384365
394633
425763
434707
443841
449813
456821
473708
480509
486540
502280
509477
527527
536159
549617
560881
565891
571101
583364
593508
626310
648710
669475
684706
696221
713463
733459
741160
745308
766201
780053
789745
796698
806002
814067
837189
858861
871541
881109
899362
906969
912449
916513
933354
937206
950146
978150
990523
1003769
1010156
1018811
1026748
1032290
1043463
1052749
1056143
1063207
1088278
1108273
1116434
1132902
1146689
1165095
1180527
1192701
1203619
1220168
1225614
1230745
1243834
1260340
1266054
1283590
1296263
1303876
1313534
1325597
1340356
1349822
1369183
1388283
1399835
1411492
1434558
1447570
