7244
15092
26181
43706
52622
66914
77658
94241
102033
113945
125468
136590
147299
156955
163827
171837
179621
191531
204415
216808
222724
229625
244672
249797
273226
294324
303887
311009
322973
337177
357317
372602
383284
394281
405005
420616
442615
451580
459042
473245
487748
501493
515236
530439
552493
567476
584586
608904
619245
628146
637764
648835
658926
667508
677451
685345
697236
711233
719134
728575
736615
744556
753320
762422
773342
783395
793044
803548
813690
822674
829394
838310
848258
872292
891815
900336
917927
931487
944088
961264
973005
988517
1005200
1017586
1044221
1051757
1061650
1090935
1100707
1119387
1140210
1158881
1170414
1177905
1192298
1201423
1213228
1233077
1244597
1258502
1265312
1277374
1289758
1308127
1328452
1344274
1350534
1357477
1372452
1388908
1396768
1403208
1417531
