3486
16779
44988
56051
70006
158573
175535
187778
200333
215094
225282
249076
260949
271672
293347
321107
332461
355245
405030
423284
430136
435207
451189
477799
492936
522331
539788
552644
574551
584926
605570
628717
639258
652788
674840
696922
726663
749862
762929
772846
812215
837720
847512
852603
863440
881305
903204
918864
930522
942641
952022
962320
993983
1011749
1031706
1048330
1061633
1073136
1094291
1104812
1121185
1139311
1160337
1185919
1199654
1226401
1239652
1255641
1262614
1271268
1288089
1303118
1334851
1368550
1376696
1391651
1399908
1415524
1463242
