3308
6439
11860
16881
21914
27081
37007
45528
52235
57616
62899
70042
78194
85000
108174
114919
121260
132525
150395
167924
179457
196561
204209
216796
250491
259797
265052
310406
327900
338007
346276
353688
365877
391728
400110
410550
415411
423600
431794
437074
443398
454556
463209
469662
492424
502637
509955
518455
523110
529842
548622
560671
571598
583485
588425
596711
601848
609257
616012
621343
633027
642170
654400
666988
677843
685479
696736
702002
712673
718743
730497
748875
757699
764591
772235
782513
791520
804124
815076
820757
831781
836772
848411
864530
873537
880080
886883
893652
905939
913421
920409
940165
946478
952621
958532
966395
974012
980310
984900
997137
1020047
1039846
1049054
1067997
1082586
1092307
1109681
1123752
1136532
1153275
1166622
1176367
1181231
1190755
1199019
1215517
1228260
1244967
1254903
