7328
21114
48262
64963
88583
98163
120055
127888
138893
149014
161905
185774
204005
222404
241003
258372
272512
283275
290958
312296
321118
359086
384516
402000
411696
423293
450709
472777
491616
507648
523636
624979
646813
697400
718182
785846
800829
833274
851004
884479
921055
946921
953965
995572
1008396
1046005
1063494
1082999
1098659
1106602
1123967
1148012
1161785
1180083
1203216
1248484
1256958
1275548
1326157
1344581
1375548
1454373
1503690
1535900
1562250
