3295
11208
15480
21745
32779
44359
55230
65332
74013
78886
86479
90260
97830
106813
113702
123343
130693
140270
148411
155583
164143
175343
186634
190825
201006
206917
213877
221607
231761
240455
245500
252441
258614
267239
275460
284270
292661
297723
302954
308554
316126
331634
337545
346976
357739
365600
368864
374311
377402
403689
414450
432729
444950
450382
457811
463652
468352
474702
480036
487219
490544
501410
508493
527997
531717
542732
546722
554013
565551
570042
575412
583252
588294
592534
600786
605836
612333
619028
624479
629450
634013
639484
648707
654907
662088
668291
679173
683334
689480
694850
699811
704442
709303
718519
723620
727072
731002
737167
743009
750040
753323
756013
763468
776209
781439
785919
791299
795881
799001
809501
812812
819402
823722
829404
834077
838181
846116
851920
861136
869012
875028
882161
887291
890543
896337
900148
903433
912749
918794
924194
929375
932907
939200
943848
947628
954499
964246
968188
971380
983418
988112
991485
997589
1002434
1006400
1015865
1020549
1025280
1030571
1036251
1039576
1044497
1049400
1058045
1071359
1080671
1089430
1094544
1107142
1116300
1121091
1127214
1131674
1135007
1145534
1150055
1161146
1169417
1174489
1180010
1184223
1188375
1193355
1202603
1210559
1215415
1220051
1225646
1230311
1234101
1244146
1250586
1255187
1264326
1269728
1277107
1287173
1297873
1303447
1315193
1323313
1328667
1334680
1338133
1343373
1348429
1352724
1363033
1367302
1373066
1378262
1384844
1390845
1395573
1399281
1404307
1410687
1417363
1424725
1429056
1432761
1437569
1442034
1449512
1453935
1459745
1468357
1471693
1475012
1478216
1482446
1488387
1492464
1496937
1503914
1509818
1514651
1544278
