7242
17333
21873
33408
43868
55834
62451
81506
96679
105491
128335
139356
160318
171280
186098
201662
221017
230614
266392
294316
306098
322539
336180
356017
380035
392448
410570
418110
428952
439106
448327
453128
467193
480249
496523
507973
529648
549023
560166
573977
612847
623892
639870
651955
685547
697398
709444
724424
732424
749055
755757
766933
778804
785687
796241
810645
832353
843192
852124
867326
909488
941461
976711
998825
1029596
1042229
1052178
1065763
1080398
1089120
1096991
1104721
1113533
1124217
1133083
1149429
1161540
1167501
1175322
1183492
1193852
1209038
1228005
1240177
1255649
1263491
1278846
1295647
1316637
1329313
1343849
1360090
1379383
1395360
