3236
09828
15799
26500
41143
49926
62503
72333
85675
93705
103660
111015
119740
128985
135975
148501
156483
167417
176218
182913
190187
196161
216830
232333
268634
277676
314879
332672
355660
368015
376718
382580
393895
401658
414381
428213
437305
445576
450287
458912
468164
480608
488893
503829
517762
528525
537026
543546
552048
558460
565636
575292
581732
587683
594255
600326
605531
612382
617253
628636
639289
649627
659711
666347
674239
684654
693297
696727
700333
709045
718836
729238
737132
742133
753130
766191
774732
780552
787553
794533
798838
802464
808864
813365
817287
826187
836079
840699
848914
