7412
15012
26831
58974
75506
99355
138364
172099
212355
243637
269751
280445
285556
294449
298981
318996
334737
353738
371288
381914
409083
441520
464209
500050
514361
523030
534685
544526
552106
572497
578842
587286
603395
614503
626536
639076
655517
667122
704168
712469
721721
745530
773141
787178
799373
817404
834571
858430
868809
894156
905169
922789
946401
975516
998351
1022873
1040685
1049725
1060775
1080653
1099035
1110690
1119234
1132604
1143442
1161975
1168394
1189874
1210158
1231072
1240267
1292324
1304216
1340046
1358541
1385389
