3260
7501
13867
26320
39110
62443
73669
102185
128140
143842
158276
175567
191497
207254
214720
239018
255378
269729
287678
294078
314171
341955
359404
366876
375712
399862
421271
435075
475205
502310
513872
526572
535518
548634
578668
602267
611804
635983
645515
665832
695145
707443
720122
745057
766908
778302
793749
824610
837299
852947
872391
888004
902892
914097
918873
935561
960642
972750
989046
1000724
1024318
1043922
1061417
1068908
1103781
1117929
1135983
1174728
1189173
1199370
1210096
1217601
1224528
1230543
1247797
1258663
1270049
1284832
1317297
1328456
1341801
1349584
1378231
1398709
1417034
1438065
