3295
7888
11341
18197
26197
35259
41181
49510
58833
69957
80010
96445
106594
126013
133383
142519
150470
162583
168702
182442
195545
205387
220940
249140
266364
275029
286842
292392
301753
314686
324860
333241
359107
380002
386943
401856
420069
429720
443492
453274
463140
471221
480475
490021
497627
519020
532464
542077
554489
565600
572952
587789
595640
607593
617004
626776
632717
640839
652120
662816
673297
684933
694325
718525
727717
738468
749212
770406
779009
785569
793479
811837
821408
828818
835330
840940
848003
857034
865657
872739
884021
891261
899081
907422
921405
936037
951507
963300
972001
985193
