3098
7658
11993
14813
18468
22338
27248
34212
38342
44534
48569
55581
59891
67896
76167
85531
91922
96513
104392
108517
113139
119520
124541
132794
140098
146730
150631
156765
163073
170245
177435
182457
188545
213002
220498
230261
236313
246233
252243
264448
270573
283119
291056
298970
303836
310970
316627
324018
328164
334515
337625
344313
351223
358096
370047
375660
387832
393846
400037
406434
412481
419613
424294
430835
436548
443133
446663
453425
459524
465979
469530
476384
482042
489619
499372
505913
514196
520920
529903
