3337
45071
64970
92442
114155
130885
178469
202389
218141
233371
255403
333598
425971
450707
473149
497673
514404
537680
563804
609042
627811
638568
660976
733246
777238
848427
861487
877653
888896
922796
934702
953128
978982
999726
1043804
1067690
1102607
1121052
1142097
1157264
1170989
1184842
1202416
1268784
1280675
1292798
1332588
1374245
1393904
1409299
1423192
1448528
1463173
1471895
1495419
1506266
1541805
1583124
1610609
1644799
1673434
1691243
1714580
1732833
1761870
1784592
1812466
1820758
1825568
1854477
1861897
1873712
1889759
1912475
1938969
1976584
2003841
2051352
2090002
2115151
2129309
2153517
2168127
2196917
2217598
2238964
2258095
2279409
2299705
2329624
2368781
2407392
2481722
2510103
2550933
2583853
2593176
2627618
2640875
2652854
2679100
2698849
2768544
2789884
2811439
2837261
2843777
2856823
2878901
2901593
2919561
2931211
2949847
2990757
3015871
3038193
3057072
3071612
3083515
3128565
3136968
3148305
3189249
3209348
3235331
3252562
3265162
3307475
3337440
3360978
3371492
3398284
3406006
3417736
3432130
3476392
3517661
3538492
3545518
3564051
3596011
3636688
3657950
3682463
3704187
3717412
3740105
3754809
3767524
3786414
3808673
3820638
3837959
3881166
3903389
3932572
3938637
3969230
3977507
3991592
4005168
4020003
4064914
4105259
4119491
4139809
4158707
4170314
4183624
4195523
4218815
4276777
4299419
4333066
4351268
4367488
4420255
