3242
29208
88070
150768
184896
234894
308674
331417
362507
373639
383569
409392
466609
497224
532344
558338
577033
617154
654344
688007
714008
730265
748668
773272
793594
806935
825467
848813
867636
886281
895572
921659
970925
1015109
1036840
1055972
1077801
1092525
1115977
1130749
1159103
1229584
1259578
1277902
1329089
1366505
1394257
1420050
1488857
1528002
1544764
1575209
1609741
1628923
1678219
1692704
1703105
1733810
1746722
1779061
1809936
1826411
1839073
1856940
1940778
1958941
1994691
2023408
2055262
2079033
2104417
2125860
2164015
2191569
2202440
2229313
2247937
2271124
2286780
2297702
2315038
2334269
2366845
2402963
2421607
2443659
2459652
2478877
2493689
2540079
2565970
2593385
2609569
2636913
2667036
2721262
2746374
2782991
2795004
2806105
2826047
2848958
2857329
2878230
2903471
2928726
2984113
3019906
3048291
3063884
3129898
3144119
3167780
3186213
3219660
3243923
3287679
3320713
3347428
3401115
3419793
