3401
19644
36417
47038
57880
72004
112617
133900
147662
158533
170664
183976
210045
218270
247213
255458
266199
284480
294481
332975
350846
362706
382808
398479
409889
450765
462799
496701
512144
521335
539367
574115
598199
612410
636365
667473
680003
699554
725508
744601
758246
770446
789988
809997
836384
848426
870107
881181
896512
905014
938787
961095
990150
1011603
1050506
1061907
1082289
1101792
1114174
1150231
1178095
1198636
1209939
1230951
1242192
1285058
1293798
1300839
1324623
1340526
1381208
1419061
1428442
1451425
1466176
1477197
1495460
1515303
1537343
1550096
1585348
1612061
1631302
1660914
1684737
1694708
1703991
1720407
1734151
1754696
1774567
1825619
1848210
1921988
1959956
1979437
1993188
2008449
2026031
2087977
2106208
2124389
2151931
2160701
2181624
2192046
2204230
2220575
2247699
2272863
2291002
2324004
2347750
2360732
2385783
2396604
2413039
2427539
2439171
2469005
2482016
2505250
2536962
2552746
2587079
2619776
2631117
2649392
2693029
2702629
2745219
2753731
2765084
2787415
2796647
2821078
2859612
2881534
2914588
2939101
2959277
2996967
3020283
3048735
3087737
3125099
3157325
3169727
3210610
3220141
3252732
3292679
3323000
3343103
3363965
3378566
3399403
3437348
3483042
3502344
3522697
3542360
3551961
3558452
3585706
3621042
