7008
19393
34968
51974
70350
89955
98258
108221
121322
140402
151630
175485
189735
201004
208186
212049
222321
241365
260953
277895
308068
317309
363901
379180
390064
399503
425070
466330
490749
506955
533288
550096
573825
598808
614434
633947
653852
700169
750115
768116
804605
818862
846666
904319
947963
965269
993648
1011949
1039559
1074596
1135450
1193687
1210323
1253972
1288558
1298555
1315093
1370214
1393836
1412725
1423679
1433274
1443900
1464495
1480799
1495505
1514807
1525601
1532614
1568910
1588708
1628998
1650216
1691587
1722977
1751069
1762205
1778016
1785906
1808096
1823915
1839165
1864302
1873592
1888160
1928325
1954552
1975816
2001158
2038606
2050407
2057481
2071318
2090874
2122599
2150279
2192345
2211840
2228490
2246474
2274987
2302312
2319219
2338377
2346390
2364866
2375457
2381770
2389711
2398222
2405453
2413856
2417602
2429201
2435425
2447488
2464314
2484509
2490371
2496133
2500305
2504525
2507374
2534238
2545953
2554289
2587726
2610692
2628008
2647890
2660211
2687412
2697420
2722839
2746059
2757219
2774127
2802301
2827835
2839336
2848072
2873619
2896781
2952061
2969780
2990098
3023698
3043753
3064445
3081090
3123048
3133106
3148021
3169193
3189833
3238823
3270637
3324024
3357872
3367476
3417197
3437395
3452556
3474873
3492536
3513544
3522845
3542295
3557984
3596426
3607309
3632152
3664657
3685844
3691859
3710244
3750502
3767352
3779583
3824155
3842607
3854325
3863970
3869023
3881919
3905736
3918784
3956795
3988306
4018699
4035324
4041667
4051232
4065096
4080232
4105114
4113956
4128937
4140639
4147432
4161168
4175888
4182730
4208698
4222620
4241005
4260118
