7097
19450
47311
76515
109443
136741
152355
174248
182554
200739
218902
238063
265185
284912
297839
342533
362967
375206
408200
426519
451533
478986
539605
573335
646187
669820
687491
718750
742988
753786
776539
808618
821816
831615
849476
878082
893480
919610
935310
953438
965445
983530
995689
1007053
1018858
1039124
1054652
1068656
1075318
1100084
1111599
1126756
1142014
1157042
1176241
1192590
1196973
1227483
1237830
1260471
1276088
1334303
1348280
1354123
1368652
1380280
1404701
1418928
1440573
1448497
1468535
1506173
1520849
1541618
1567026
1583374
1595099
1607565
1629945
1635888
1648253
1664945
1671553
1701681
1716961
1727065
1735170
1756248
1786534
1800401
1844279
1853501
1868724
1895302
1921402
1930696
1937691
1944979
1974494
1991025
2003049
2015230
2032261
2048414
2081475
2090817
2105733
2136411
2162250
2177636
