3267
19891
30859
61118
68194
89481
112386
148485
169475
183753
204965
222482
269166
290102
322293
339820
375608
417612
441679
454217
479386
491877
498450
519499
537156
547310
558964
588794
610909
637057
647009
686155
702759
717216
731626
748520
764267
780328
797426
811671
842082
857667
890078
924557
949586
972114
992605
1008511
1031714
1061035
1074650
1086495
1105800
1123871
1142410
1150811
1170653
1192459
1215574
1228489
1249454
1274807
1300894
1321113
1344193
1356937
1380935
1388778
1405001
1424828
1442781
1459580
1472488
1487933
1498813
1505626
1533931
1548486
1579037
1589130
1598292
1628118
1667501
1680214
1707201
1726422
1738318
1765195
1797966
1817637
1829408
1848749
1865754
1885386
1913140
1925744
1932026
1944063
1954796
1963617
1975591
2000817
2014413
2041671
2050663
2059856
2077338
2096127
2126447
2154951
2171599
2183551
2196125
2218331
2233560
2240222
2265157
2274299
2286306
2302878
2324691
2333823
2340432
2361958
