7323
16871
31880
34850
40323
56542
67305
76346
83885
92005
114017
121098
130659
142968
164791
187147
208250
237511
263090
306269
319302
356104
397256
404318
423039
430044
449982
466212
503465
554827
573830
613791
628784
639248
656946
669238
683631
700024
709706
729207
747026
756520
775864
787191
799147
824634
839483
857256
872654
906926
938093
953568
969643
983706
998078
1020470
1041749
1071773
1089687
1100989
1112713
1122370
1134252
1154088
1163880
1180265
1190292
1196213
1201037
1212772
1222878
1238670
1245122
1252444
1272320
1279521
1290590
1317947
1327701
1344386
1355368
1365847
1401003
1412216
1422019
1423870
1447896
1459419
1471623
1474964
1487288
1492199
1495364
1507029
1525999
1537762
1559799
1567774
1583658
1594352
1600385
1611699
1631723
1637495
1647487
1662759
1674811
1685174
1690420
1704205
1742877
