3186
15694
20266
26532
43505
59855
66262
79849
95381
106589
119793
132042
139545
146672
154195
161738
171801
185434
195754
205019
214349
239354
246278
264727
275093
284449
306372
315938
326674
335889
343624
358755
367026
374785
382550
402481
412767
424552
435523
447090
454711
465571
479291
497083
511553
527392
543485
554027
573020
590066
601467
613367
621000
628312
639069
648124
656550
660243
700709
710841
729557
741402
751897
760047
774071
785805
794180
804459
818582
829830
837253
853926
862622
884659
893390
920370
935561
945000
953368
960726
965805
973508
981058
991810
998741
1004510
1010545
1019126
1023168
1026686
1046123
1050719
1057254
1082069
1086445
1096102
1105461
1122119
1137313
