3285
12006
28632
51700
70884
81019
91914
109630
127345
135777
156755
165511
176308
187781
195761
210323
221873
244396
268913
287436
315419
338043
349762
367008
375940
387042
398117
409530
415780
429002
437642
451915
467479
475449
490811
499874
511655
528386
537557
548267
563430
572869
589765
598579
611661
625596
631427
644481
661204
673956
685378
692109
700965
720017
733881
747072
755774
769052
782255
800331
814119
829733
841887
853579
860159
872553
880163
891644
920480
928180
958007
967359
977250
988891
1003284
1018911
1026533
1041503
