3291
11063
15433
24471
46804
59101
71506
96179
110911
127786
143683
154753
170165
188576
202365
238940
251130
260030
279264
310094
332220
343610
362641
391702
406814
434424
445667
474202
491330
520121
543757
567248
592087
601531
616989
635135
655968
676180
702656
714861
726239
741861
752638
770404
783052
805037
827447
851040
881548
898804
921877
928958
938549
954802
972652
988105
1003806
1029365
1048010
1071076
1091268
1107718
1118310
1141050
1155224
1164039
1175162
1187740
1204206
1211423
1236440
1256905
1280414
1294928
1306399
1326016
1352638
1378376
1408643
1426369
1443068
1459146
1489753
1505009
1524800
1544471
1561924
1577273
1602391
