3310
12241
24025
36549
49228
61698
72189
91406
115608
124251
156637
164938
184674
198522
214034
223995
239185
266433
279286
291499
308273
321864
341735
364791
388231
415777
429193
453203
468246
501321
507251
526422
544114
569832
589408
604894
618267
626782
642936
656799
688309
709100
720331
733909
744345
766138
797103
823763
837251
853098
871129
887960
907494
928861
938487
952975
964582
975672
996625
1002256
1022664
1041102
1056476
1085695
1103111
1116383
1124976
1141364
1159537
1175841
