3319
9353
12318
14958
18238
24592
32412
37972
45954
50404
57105
68521
71461
75902
80872
88973
96804
101585
106480
114424
119510
126681
134051
142066
146578
149919
154219
160580
167831
171832
181035
189613
195475
201929
206359
216642
225862
232513
239353
245754
249557
254847
259048
263600
268132
274472
281126
287927
293579
298699
306351
313120
317910
326681
331401
337614
342674
348234
351674
357896
363448
367950
373791
379752
387245
392896
400082
406723
412095
420752
426573
431145
436595
442736
447076
454637
461008
466515
469805
475229
479739
484824
489154
494287
500833
506843
512384
517615
521885
524746
527846
534477
538027
543170
547451
551432
555446
562247
569044
574784
578474
582286
610044
617061
622972
631370
637261
640933
644685
649166
652819
657281
663221
676526
682958
688919
693639
698500
703732
707767
711557
716279
720870
725473
731243
736583
743198
748126
753016
756816
761596
766538
771088
775658
780319
783741
787771
792375
796666
801039
805450
809221
813361
820365
826348
832304
838525
843568
847778
854282
861645
867905
873082
876362
880453
882975
887547
893237
904932
909582
913445
917325
921850
925130
931861
937892
941562
944402
949429
955240
959131
964641
969182
974042
978262
982634
986686
994976
999091
1003394
1010401
1015201
1022812
