3007
5737
8959
11359
14550
17491
23873
28804
35096
41166
44998
50672
55145
59105
63035
66005
70950
75820
82491
87852
93093
99424
102114
105334
111045
116516
122316
129118
132699
136754
139726
145426
148727
153068
156149
163390
167370
169920
173152
176132
179992
188556
193099
197400
201030
206252
211585
222919
227711
232242
241594
250554
256254
260115
264536
268576
272096
276737
280947
287441
293934
302648
309099
312540
319014
326636
329207
331817
337582
345299
353770
358290
366770
372892
376712
382913
388744
393634
397004
403176
408008
414529
420841
435239
441619
453061
460842
469735
476818
488250
496202
500813
512295
515956
520067
526458
532182
