5037
15474
25361
37522
54971
67991
83318
99486
113040
127508
144437
156387
167488
197361
217877
227277
240834
264711
275060
304159
339822
355291
391358
418627
437501
481089
533344
561567
582948
608609
644487
670950
688727
726352
743304
764744
788528
806535
828785
845068
865590
890345
902303
913516
931484
945072
958844
975977
1002359
1031210
1048159
1064301
1077129
1087284
1125662
1141496
1151694
1178028
1200182
1228494
1256416
1333884
1362428
1380619
1397479
1409612
1420495
1446004
1467908
1489736
1509044
1533143
1549543
1562878
1608803
1631805
1662753
1672363
1685816
1714339
1742999
1761616
1774289
1819161
1838507
1907230
1924285
1962177
1974778
2005891
2046136
2087235
2103723
3082854
3108771
3129490
3171946
3204049
3230280
3250527
3272151
3321006
3455476
3477819
3503730
3543682
3572969
3600888
3628407
3688838
3725589
3757628
3785148
3840427
3890074
3915330
3940577
3962545
4008142
4029838
4081890
4114556
4140604
4170200
4209993
4259184
4314223
4341838
4376957
4411164
4445589
4461627
4506043
4561265
4589951
4617159
4690632
4729886
4748709
4780965
4838475
4861931
4900617
4986664
5051119
5099273
5123341
5134909
5166389
5190771
5246755
5287345
5300441
5322207
5346287
5374462
5398891
5419815
5460118
5500437
5523601
5548355
5566210
5583251
5681040
5737632
5757151
5799542
5831894
5854293
5898472
5931163
5958931
6004306
6069512
6094064
6119727
6255008
6328603
6345786
6376811
6404889
6433360
6459608
6525769
6603471
6637783
6762587
6796348
6845137
6873208
6928728
6939959
6968759
7011126
7038373
7166771
7224353
7291864
7316551
7360120
7387964
7405798
7453998
7480326
7504773
7527820
7551508
7587508
7612850
7649259
7684777
7716519
7802957
7857308
7900583
7942607
8047060
8077707
8134530
8190250
8279980
8334838
8373638
8403101
8434196
8461382
8473590
8560221
8664076
8727013
8823915
8904365
9044051
9100688
9201333
9251588
9328722
9346818
9377837
9435150
9451731
9469318
9514873
9532617
9565352
9670114
9748708
9812152
9953465
9986070
10041235
10062169
10164798
10193040
10253753
10284428
10322287
10375230
10463092
10519778
10558785
10601989
10625480
10713342
10766826
10838289
10898000
10928967
10959379
10992356
11030716
11084511
11152053
11185817
11269593
11291467
11325962
11349634
11381045
11411551
11438134
11698082
11761437
11813199
11867374
11956190