2750
9931
16097
26102
37718
47713
60852
72184
82137
92055
103120
111049
117450
135810
149943
156718
167157
183449
189250
208041
231784
241794
267900
286137
298388
332653
366022
382132
396107
415729
441907
461055
470956
494991
506621
522001
538083
547683
564333
574477
587856
604193
611591
617862
630438
638778
651885
664427
679850
702154
712411
723500
730627
737392
763535
775266
781747
800085
815665
830101
849781
904722
925428
938889
950627
959648
973564
992788
1010290
1029089
1047906
1067475
1076855
1088580
1117899
1134781
1161447
1168389
1177991
1203069
1225739
1242833
1261128
1294628
1310600
1363439
1375651
1403349
1412543
1435119
1457717
1484291
1494799
1520215
1534938
1544626
1571358
1590486
1613515
1623417
1632896
1652190
1714418
1723838
1734940
1759803
1773992
1785555
1800082
1827437
1842169
1857624
1876403
1900134
1923657
1936534
1946524
1961442
1980741
1994776
2021180
2035373
2044914
2057805
2075764
2100163
2133154
2145169
2160185
2176145
2190275
2198271
2211345
2235403
2247188
2268144
2296155
2316164
2323216
2336709
2363173
2382413
2403237
2445913
2476199
2502597
2516709
2522113
2541688
2554345
2583094
2598695
2604657
2613592
2623724
2635469
2646979
2657992
2676534
2696903
2706342
2723445
2730208
2738382
2786256
2810535
2819648
2838462
2852096
2861579
2878211
2896538
2908577
2926856
2952856
2963882
2975337
3032936
3065066
3071866
3086139
3097943
3112610
3123623
3151149
3184417
3208188
3262781
3282399
3302852
3313148
3336358
3341152
3353066
3369441
3380923
3438815
3462117
3483354
3492100
3511737
3522445
3534377
3559549
3572726
3584582
3596542
3610338
3626845
3641207
3661734
3680866
3698737
3741273
3777566
3798104
3818577
3874282
3893219
3917294
3944914
3985601
4010466
4028002
4039873
4056742
4070377
4075887
4115845
4158920
4188513
4232274
4269834
4327036
4349771
4401999
4426375
4462257
4469834
4482889
4505622
4512040
4521811
4544309
4552532
4571278
4615332
4650759
4688357
4746670
4767603
4801735
4815801
4866649
4888939
4931195
4951029
4982546
5019118
5079205
5121516
5145366
5168528
5179767
5220242
5258478
5294017
5322883
5339895
5354232
5369652
5397408
5425755
5455688
5471535
5515882
5530357
5546380
5561721
5577688
5591410
5608923
5736277
5770227
5793899
5820464
5867598
