3079
9423
15391
26259
44521
53077
65153
113961
136242
146897
161240
174802
187076
214137
245145
280200
296529
313618
331514
353149
379810
397862
408645
423615
437553
447946
472219
487779
509458
523690
545806
558592
572574
582030
588411
602266
626794
656960
668983
688878
702649
718210
729164
734846
750844
766730
772583
794696
800328
836502
852144
863967
881069
889721
895096
919917
931251
941729
947394
957936
963003
991502
1004849
1010965
1038753
1053147
1071925
1083942
1095608
1107095
1114042
1122508
1138462
1167816
1179469
1208148
1215865
1243341
1265548
1292295
1306744
1335446
1342531
1356178
1379488
1389198
1407799
1418756
1425683
1433835
1449615
1468658
1488135
1508404
1516150
1525627
1534139
1553677
1563513
1578092
1589285
1605076
1616510
1649694
1667948
1680251
1699985
1718184
1728452
1736871
1781601
1791476
1819626
1837077
1850499
1864016
1880080
1899900
1929087
1956381
1976000
1984924
1996541
2005282
2016620
2029516
2042348
2051068
2059295
2077836
2088869
2093919
2098774
2108871
2122294
2145205
2159789
2169033
2174928
2182735
2202947
2211946
2223108
2233423
2255166
2276527
2294527
2310002
2322230
2333220
2338847
2352386
2386083
2409330
2468503
2487936
2516183
2526553
2531785
2553952
2569790
2583595
2597310
2608054
2627535
2644449
2651376
2676316
2693576
2708856
2725843
2736343
2750023
2766314
2782021
2796604
2814723
2824916
2842924
2873648
2902643
2925189
2934220
2964293
2976791
3008168
3033174
3053412
3073851
3082081
3092031
3112223
3123976
3146301
3158851
3199616
3207186
3215407
3237580
3268474
3283435
