3369
30836
49096
71964
87471
102368
146286
168027
182205
198893
221449
282649
355829
374801
393631
419908
434613
459236
486628
523801
542038
552595
572605
629406
673268
738560
751042
763581
772305
795822
810964
825605
849358
868240
912567
933730
964146
978474
995992
1010668
1021519
1035055
1049841
1103264
1114357
1129044
1163819
1190054
1203926
1216313
1224134
1241989
1252601
1259746
1274549
1283626
1310736
1339915
1365691
1396270
1422490
1436800
1459586
1474592
1498648
1515512
1539247
1546056
1551232
1588229
1598715
1608965
1624106
1639862
1659792
1687566
1707721
1750204
1784329
1801153
1811843
1833726
1845204
1870066
1890006
1908840
1925498
1946930
1965376
1990651
2028850
2059276
2116903
2140450
2175606
2205251
2213457
2241682
2257531
2266675
2297676
2316215
2381518
2402243
2422389
2437583
2443540
2488205
2507824
2522315
2536652
2549601
2565995
2597266
2616310
2636157
2650344
2659496
2667628
2693874
2701018
2713790
2731927
2748078
2763532
2778091
2786152
2823130
2848626
2868206
2880514
2901115
2907440
2916646
2927702
2959538
2987816
3004589
3009750
3030408
3061022
3091713
3108375
3124360
3140508
3150418
3166370
3180965
3195169
3208557
3231483
3242899
3260110
3295506
3311586
3334484
3340607
3367284
3374756
3386015
3398400
3411102
3438946
3467257
3480017
3494600
3509564
3518990
3528988
3540266
3560799
3604696
3623090
3647305
3659575
3675541
3719210
