3145
22353
72332
120782
148279
185111
241934
257672
280529
288605
296440
318503
363284
402391
425233
444889
458546
488744
517906
541150
558256
569780
585216
603756
617684
627888
642026
661436
674401
687015
694518
717082
751205
776564
786251
797121
812868
823006
835648
846641
865088
919348
943596
958033
994301
1021977
1045585
1059519
1106926
1135574
1151449
1176318
1203326
1220253
1258975
1273506
1283408
1308238
1318887
1342226
1374631
1388619
1399351
1410767
1463622
1479422
1509082
1530564
1557740
1580261
1601291
1623504
1654710
1677320
1685085
1705457
1722232
1745430
1759043
1768032
1784553
1809239
1834521
1855320
1866888
1883431
1891554
1904315
1918657
1955570
1972320
1997545
2009143
2027081
2048513
2091143
2107634
2128559
2136083
2144390
2156117
2173801
2180986
2200500
2219428
2235884
2274534
2300434
2321103
2334731
2394787
2407477
2426167
2439346
2463215
2488026
2522511
2547680
2558534
2581257
2594116
