3302
16171
29019
37578
46146
59163
89258
104569
114817
123023
136653
143563
165128
175337
193719
200048
207561
221575
227260
260753
274418
284992
300852
314435
326547
354500
363947
380606
392059
398984
413091
442743
454063
468197
487803
513629
525383
544850
565399
580043
591313
601044
618672
631435
648009
655845
673445
683405
696163
711846
732178
745134
765903
780127
813100
819637
834458
853676
869584
894274
917441
933766
944501
964330
973340
995241
1003947
1012906
1032124
1042033
1081395
1113886
1120261
1153267
1165269
1173724
1185917
1201323
1217028
1230107
1255852
1279851
1293334
1312204
1329767
1335922
1343425
1355895
1367352
1383337
1403774
1439632
1459772
1502085
1535346
1549508
1560009
1572108
1584611
1623740
1644182
1659290
1676488
1694405
1708684
1722072
1739510
1750154
1769575
1797479
1812594
1835330
1854532
1868120
1887853
1896702
1909738
1917502
1925302
1949626
1969778
1988669
2009176
2023773
2052715
2087571
2096292
2107006
2139411
2149277
2178446
2185724
2195582
2215766
2223300
2243004
2270006
2289246
2317338
2337236
2356542
2387479
2402434
2424533
2463565
2495318
2520655
2531546
2561565
2569736
2598389
2632920
2659931
2681186
2696811
2705548
2721079
2749901
2781272
2800766
2816088
2831155
2851377
2860375
2885655
2908317
