3356
13057
26118
41443
53533
66165
75474
85235
96722
109374
119873
137300
150619
161015
165229
169085
176627
192001
204785
218088
238101
243590
270763
282806
293086
299617
318211
348815
371812
387834
406385
419177
440683
466834
483200
500413
511002
545300
584221
596417
631004
642019
657316
696004
721547
730727
749745
764656
778784
794177
822122
844370
854805
890133
919409
927233
943302
968579
983859
998468
1005405
1013863
1022607
1037604
1051006
1062313
1073888
1082406
1088007
1112004
1129006
1154889
1167536
1197738
1218751
1240209
1247791
1261198
1268825
1288394
1299268
1312157
1323868
1330479
1339603
1370138
1390954
1410056
1430235
1465109
1474520
1480891
1493978
1513887
1530306
1551892
1571044
1594278
1605009
1618879
1638477
1671131
1680023
1694006
1701001
1714513
1721569
1726673
1732175
1738077
1743437
1749409
1752600
1760872
1765189
1772695
1782502
1790098
1794800
1799142
1801805
1805400
1807956
1822806
1831492
1836343
1858954
1880154
1896724
1914156
1923157
1944009
1952790
1966492
1987647
1996143
2008030
2033831
2055123
2063584
2071552
2097837
2119595
2157078
2170592
2189247
2219996
2232805
2251305
2268395
2302107
2310423
2323113
2339046
2351336
2387366
2413039
2455796
2488000
2495885
2534605
2555136
2570159
2594949
2614595
2633232
2642753
2662614
2678542
2715182
2726122
2744018
2771660
2788230
2794372
2807261
2836316
2847966
2860431
2895794
2912385
2920677
2929883
2935073
2947218
2966206
2974741
3013272
3041821
3073980
3088416
3094215
3102005
3115402
3129884
3154423
3163307
3177101
3193092
3199183
3212247
3225760
3232415
3253653
3261833
3276386
3291768
