3607
22118
56406
64468
81090
91545
101554
122606
128888
140101
155862
186032
215552
236671
247566
258611
277649
297241
302952
323729
334241
340891
350062
359251
378801
396180
416120
428305
438409
453643
469053
483675
499843
509908
533083
549619
570747
587377
598801
613506
627172
663031
693015
710382
732108
743583
755935
771726
806079
827005
843603
851196
865536
879475
901614
911544
921055
935080
949015
957061
997098
1006110
1016662
1032400
1039465
1060374
1089116
1103446
1110713
1120409
1138836
1151090
1192228
1204620
1225255
1247843
