3711
13574
25079
54130
74526
97120
116081
138726
154070
166688
176256
188817
208056
237010
249204
257691
279758
295520
316634
339017
357891
368010
379145
399685
437744
458945
476057
486007
512005
533502
553437
578670
595400
611694
639197
655958
694278
722574
744054
758934
796786
812230
834726
845002
859802
876396
889786
907102
922953
937201
951639
963693
987056
998055
1016888
1037799
1049035
1057659
1069705
1088997
1116175
1138133
1149831
1167793
1183335
1197935
1215002
1234453
1257943
1290344
1313751
1340438
1369165
1380688
1416461
1427883
1436040
1451481
1461843
1481720
1502905
1532014
1541496
1567636
1582646
1600497
1615345
1623286
1638242
1650987
1665257
1683460
1730235
1747850
1772006
1791767
1807005
1824499
1844524
1871597
1910959
1930775
1946082
1961726
1976522
1993268
2005392
2028302
2048786
2076616
2093689
2134528
2157561
2176659
2197910
2212034
2224977
2247431
2289069
2295952
2333973
2348887
2378341
2394530
2413435
2425122
2438136
2457085
2472242
2486387
