3110
11534
36063
59679
84651
111246
122618
137855
145507
161428
189510
207369
232037
248440
260058
288131
302326
312968
344072
358775
375581
394647
428234
451315
499129
514563
533005
564486
583597
593549
606965
631624
642421
650261
662046
681813
694900
709425
722272
736580
744270
757705
767038
775651
786323
802684
815501
825886
831886
848898
859075
870286
880946
891634
908097
922991
931556
946614
956274
973478
988658
1024293
1032824
1036764
1048109
1058723
1076361
1088652
1108263
1115133
1131542
1165616
1178743
1197740
1222952
1238746
1247370
1257962
1273359
1278709
1289264
1303414
1313770
1334317
1349338
1358595
1363426
1382276
1409480
1426192
1451408
1458752
1471566
1497083
1515591
1523930
1530347
1537682
1558413
1572835
1584159
1595817
1610339
1624600
1652177
1660210
1672811
1697434
1716798
1731605
