3412
15219
23231
45717
51890
70196
86259
113695
131923
145150
159972
173480
202447
219107
234706
250588
268542
300410
320071
329922
348696
357605
362475
379620
394387
402720
410564
431666
452600
471499
479193
504148
517923
527897
541182
556715
569737
579802
595000
603833
629782
639372
658969
679741
704471
720841
738206
752104
780665
805787
819061
828902
852203
865028
880993
888247
907669
926178
941510
952206
972344
996915
1016971
1034702
1052136
1062639
1080180
1087726
1100797
1117137
1131019
1147529
1159204
1172177
1182455
1188787
1205793
1219267
1243692
1252867
1260530
1285333
1299814
1310461
1333557
1346431
1355739
1375413
1403433
1423984
1437905
1454949
1469301
1486582
1505218
1516070
1523218
1531614
1539993
1548181
1558895
1579575
1590948
1605378
1610706
1627080
1640108
1658807
1687445
1705946
1721023
1736655
1747349
1762432
1778748
1784601
1804479
1811923
1822094
1836811
1882557
1891123
1895668
1925486
