3444
12161
20612
34388
47391
62148
86468
95092
107979
120875
139779
149563
157045
168532
175954
194867
202943
223937
242300
261374
269957
300710
310412
329381
346094
364376
378785
386965
398382
407816
425437
455801
475078
491935
501039
512446
537004
561729
594218
603533
636475
653895
672182
695111
702505
712402
734694
746384
758488
766712
785067
812853
823006
836508
848900
856132
872373
882745
891832
906556
913380
918805
933770
946666
959714
983730
1007247
1034044
1056081
1068186
1085275
1090895
1100530
1109394
1115698
1125501
1156927
1174880
1187754
1201720
1229610
1244619
1254884
1278265
1291000
1304874
1317248
1339803
1358610
1367852
1389059
1396861
1405364
1415908
1430153
1435969
1453410
1480416
1489743
1501316
1538873
1559870
1572530
1580564
1587599
1597851
1604658
1617004
1629259
1653522
1676441
1705456
