1945
13160
19167
27320
35293
41683
49881
59041
69054
76263
82571
89755
94668
101449
112397
123361
133517
138608
145312
156780
163777
176362
193467
199449
207571
216733
226245
235050
249740
256782
262693
268334
274457
283582
288686
293520
298422
301705
304796
314300
318212
322553
330914
337629
350272
355955
361101
371524
378995
386716
394056
398789
406711
412621
420611
428042
438224
442867
448489
454312
460365
466109
471029
476681
481822
494541
504273
509858
519173
522947
527057
533809
539355
542975
555074
561076
566421
574724
579705
586278
590890
596446
601884
605476
610237
623354
627494
634359
646885
651728
655751
659414
663486
666558
671410
675312
682165
688884
694686
701753
