3235
12709
30710
37436
44835
52598
58718
71150
79738
89600
103641
118849
132463
145147
163789
172497
177389
182842
191250
196033
203701
211175
223239
238863
247106
260695
278465
299105
319598
327489
345917
359892
381131
400297
408010
435118
455201
468257
483361
493309
503334
517032
525108
536934
549264
561104
566419
573655
589672
602984
612981
623594
632067
642773
651343
661577
673345
680209
688009
702638
717408
743207
762861
776416
792117
805565
819730
832245
840755
860225
875004
891759
908800
918743
930908
954492
976025
988442
1003906
1018780
1039886
1060544
1066024
1072414
1081677
1088292
1106591
1113527
1125836
1154133
1169670
1184754
1210050
1231510
1247206
1258210
1272972
1287555
1293578
1301071
1308513
1320477
1332698
1346449
1354241
1365386
1386058
1395458
1405970
1410582
1431402
1441590
1462505
1470742
1481744
1497023
1518815
1523253
1534784
1554005
1563160
1569566
1576527
1585220
1597529
1613823
1623447
1632658
1641639
