3045
21745
33269
40540
53956
69256
80137
101841
112808
126717
134690
143909
170146
183114
188797
206613
219597
233103
249481
260743
275460
286114
294225
318672
328315
339211
347136
356648
368643
379176
394163
407689
416350
436019
448947
458306
469863
479203
485045
500191
513023
521456
530219
537291
560440
571177
587432
604026
611340
620522
624202
644427
653169
673010
685403
698423
707894
726751
740751
758721
783434
794878
806947
817010
833400
840583
850631
865369
876205
898623
916088
931491
941224
953411
961524
970626
981793
992578
1003545
1013331
1024621
1032537
1044031
1054111
1062583
1073027
1084489
1093667
1107970
1118873
1125934
1135057
1145409
1167169
1178150
1191157
1201232
1224663
1241786
1258704
1274901
1293214
1309012
1317105
1328856
1338455
1347596
1360723
1368900
1377985
1393470
1410482
