3441
10503
22618
24954
29450
41775
49015
57492
62985
69807
84351
88684
95496
104742
120303
134977
152421
176958
198300
229446
238974
262457
289289
294069
306127
312170
325472
334871
355023
380126
387850
412378
428159
438986
457448
468396
481245
500931
508039
523506
539890
547751
565434
574482
583121
607904
620600
630572
643957
672399
696802
707606
723775
734170
747208
763746
781146
807311
823865
833402
842273
851399
862645
877713
885178
896225
904815
909825
914705
923208
932012
944038
950158
957233
970977
977360
988262
1010544
1021077
1036253
1046525
1055997
1097387
1105737
1114383
1116423
1135364
1146087
1157350
1160060
1169735
1174109
1176772
1186132
1199589
1209326
1223912
1229385
1245048
1254663
1260630
1270464
1283946
1289120
1298188
1311553
1322776
1331595
1336628
1349834
1380754
