3260
11325
15527
20279
31695
42581
48208
58007
68329
78000
87878
97390
104245
110227
116579
126290
134482
145386
152640
159962
168640
189125
194750
207775
216289
223473
241271
249655
257770
265002
277214
286501
293040
300121
306904
321529
328540
337271
346495
356871
367281
374285
383810
395905
403835
414146
425314
432577
444233
457139
468545
476732
483236
488796
497273
505042
511413
514715
547246
555931
566451
576561
586279
593792
606303
624059
630301
638094
652536
661166
667533
676030
683949
700419
707530
727122
747542
755725
761297
767579
772328
778697
785477
793033
799105
804523
810525
818154
822133
825436
837135
841207
847582
856599
861851
869504
878257
891599
904777
