2948
4820
11254
15528
23052
26545
34648
42174
49577
53111
68916
73840
82327
87264
99944
110424
118986
122868
133268
136351
141420
147429
161875
165639
170322
173489
175881
179327
181507
186130
188192
190865
193387
196670
199603
204583
211948
216932
221815
241458
271320
273871
280529
284961
291516
299340
305332
325891
336727
340364
346819
350526
358599
375558
383444
391118
396816
403136
415590
422101
427546
445924
451778
465002
478305
487283
497282
501896
507403
518537
527149
556531
575811
594863
608991
618543
634467
646928
654497
658248
672482
687136
694728
698563
705008
712187
731352
745341
755244
763477
776817
783681
788263
791909
805562
808902
821678
848950
857737
867953
874105
880901
888103
893307
902022
909795
913388
918111
932159
941520
949233
962528
972316
989419
1006455
1013612
1021330
1032400
1036862
1041176
1051064
1064931
1072131
1086577
1096536
1102584
1110457
1123857
1136563
1144216
1159843
1179859
1190419
1200397
1220814
1236245
