2959
9413
17101
31089
38654
49474
56276
66860
73772
82928
90360
100207
107200
115948
122356
132241
139024
149183
159313
169505
174627
179820
191494
196241
215267
226312
233776
239285
250511
264768
280272
290717
298428
307487
316284
330001
343326
350385
356200
367049
379042
395431
405192
416588
432760
442359
452253
473199
481270
487622
499333
507396
515648
521073
528637
534131
545297
552508
559247
566273
572303
578524
584551
591600
598484
606268
614298
620787
628163
635848
641091
648006
655584
673961
688749
694390
702786
713266
723717
737125
745680
757238
771717
780471
793870
799782
805767
827363
835134
843670
859942
870525
882720
888412
897767
903682
911270
926762
935860
943694
951166
960662
973605
988496
1004022
1012805
1017682
1022660
1033007
1044021
1049795
1055647
1066736
