3468
13344
32934
42544
52506
115000
138031
153483
163173
175310
182997
203175
213240
221832
238764
256160
270921
290585
323878
337685
341866
345597
354093
372710
380335
402705
418406
430090
446625
454769
471821
489950
499163
510105
528030
540204
569466
587552
597779
606693
636604
650190
657198
660900
671833
686012
702942
715584
724754
731096
739127
746770
768505
781628
797013
813456
824703
834162
850113
861307
875042
887100
899559
913935
922280
944286
957430
973062
979405
987015
999722
1012283
1042696
1066369
1072811
1085085
1091655
1103347
1141473
