2510
6676
12079
17040
21815
27108
36793
46372
52664
58498
64540
71401
79448
86691
113573
120053
126223
136397
152954
168209
182013
197354
205348
219602
254129
262659
267451
302349
318981
329694
341262
348206
359238
390802
398058
408236
412339
420311
428372
433353
438899
453234
459814
466276
494333
503850
510740
518043
522779
528862
540060
550184
559717
568570
572933
581802
590244
597543
602722
607501
617574
624966
636251
647284
654754
662407
671159
676038
686643
692775
704597
720059
728155
733951
741641
750538
759108
781368
791376
796939
805482
809890
818162
829019
836066
843006
849418
854479
865210
870524
876682
897735
907969
913461
918545
924492
931574
937027
941000
950156
968573
982539
991562
1011338
1019717
1028482
1046120
1054113
1060787
1078186
1089459
1100944
1105975
1115131
1123338
1133837
1144009
1162548
1171487
