3417
15152
44525
59734
81386
90060
106544
113928
123913
131955
143033
164990
183811
199927
213653
230526
248820
257370
263712
284228
295311
329753
354702
369791
378485
388229
409958
430714
447263
464676
478788
580704
598737
642198
654263
709195
721530
743164
759025
781271
807699
828695
834936
875561
889724
918246
929702
944701
953563
958853
973246
994453
1011856
1027773
1047841
1085522
1093235
1113625
1154547
1169634
1192851
1262785
1296169
1318577
1339220
