2418
11244
27097
47635
65035
74210
84824
98194
114211
124760
141991
149111
158220
168039
176511
191635
199998
212643
230497
244436
269217
289568
301518
311570
320356
331297
342702
352218
358165
372480
380997
392610
407470
414767
431434
439637
448710
463151
470928
478221
490629
499622
513856
521952
532997
545706
551179
561180
574381
585474
597325
603162
610457
625139
636998
648311
653562
663905
675514
689428
706340
716462
732096
742692
749039
759790
766179
774899
791333
798200
813733
821782
829197
838635
853570
865023
871553
883513
