3417
10843
15916
22271
32761
42068
50494
58133
65335
69935
75208
78509
83099
89765
95552
102192
108695
113480
120294
126534
134050
143276
154255
158327
166500
170477
175686
181519
189128
195984
200095
204608
209527
215621
221180
227668
234042
237413
242005
246997
252437
261492
268504
274727
283510
289230
292510
296446
299108
318658
324168
332977
340112
345102
350543
354214
357748
362189
365539
370204
373395
380408
385569
396777
402449
412004
415417
422268
428607
432314
436687
441937
445149
448770
454973
458919
463299
468358
471643
475340
478765
482214
488067
492389
496644
500875
507700
510289
513666
517701
520982
524091
527845
533516
536928
539635
543012
547336
550750
554074
556528
558824
563908
570500
578288
581849
586131
588814
591955
598466
601369
605854
609755
614501
617457
621315
627517
630553
637435
642481
646093
652351
656764
659660
663970
666885
669738
676722
681418
685821
689146
691960
696133
699427
702164
706781
714113
717479
719950
729812
736946
740130
744593
747495
750381
757139
760814
763521
767508
772014
774925
777591
781632
785774
792595
798358
804551
807453
815613
821462
824972
829598
832826
835689
842562
846343
854207
860185
864240
868436
871677
874787
878190
884573
891025
895326
899013
902926
905846
908777
915832
919866
923267
929888
934440
938624
945543
952688
956064
964038
970464
977777
982093
984396
988574
991828
995481
1003856
1007461
1012103
1016053
1020444
1024400
1027966
1030865
1035766
1042151
1050249
1056129
1059676
1062752
1066543
1070314
1076559
1079715
1084092
1090445
1093397
1095815
1098676
1102199
1106895
1110578
1114421
1119918
1124941
1129274
1147559
