3105
11335
14626
22077
30129
37470
42792
55393
66535
71545
88603
97026
113209
121111
134273
145273
159528
166959
183448
204148
211858
221830
234008
245150
258274
269795
277208
283131
293190
299551
305672
312467
321110
331482
341986
350878
370163
384699
392215
403505
435863
443203
455102
463667
486759
495377
504687
514832
521214
536550
542370
550512
558772
566304
574472
586566
599803
607487
616029
628803
655603
675286
693948
710785
729873
740405
752546
763276
773098
779789
786935
792657
799171
807494
814926
827697
837498
842079
848869
854501
863473
874845
890909
901402
916309
925620
938422
958092
974668
986978
1004197
1015748
1028258
1043331
