2731
8942
12703
19635
37787
47670
56612
75766
87959
102908
116675
126201
139057
163543
173140
204681
213962
220703
235876
266514
285810
298763
309569
331723
342433
367989
376224
400768
418376
439538
462557
483360
503519
510893
523187
541437
559184
573558
597419
606681
616516
626140
635192
652838
661976
679188
697323
715093
736187
748398
770674
777424
785196
797762
811856
826533
837380
860531
876404
898750
913885
928739
937440
954923
967084
972986
981427
990378
1005441
1011609
1026423
1041781
1060569
1071592
1080102
1099885
1128407
1146692
1167171
1185368
1197939
1210613
1234448
1251640
1268545
1285261
1296885
1309996
1331958
