2712
8824
17556
28686
38463
49442
58863
75352
93323
104172
129336
136216
151999
168146
183247
190525
201006
223933
233001
241579
256512
273111
285063
297557
314638
337695
346998
365642
376416
394143
399266
414420
431960
459342
477661
487714
498665
504825
518099
531236
564547
582698
603397
611406
620803
644415
669805
688833
699658
711074
724123
738092
753813
768178
776018
786126
794140
801301
819016
826619
839871
852558
863204
881826
893490
904184
910327
923503
936394
948323
