3332
6004
8945
12218
15222
18293
25476
30660
39489
49040
56816
68291
83821
90868
100869
110853
116026
119462
131856
139936
147289
152468
157509
168929
173123
177197
182653
187520
198005
204671
216453
224314
233413
242500
251627
258488
270612
277554
284298
290455
304790
311774
317196
323227
328382
336314
344518
362762
368692
376058
382312
389723
407448
415660
427796
434850
441768
446936
451549
455570
464919
470034
477216
483550
488644
500255
509021
518960
524920
534337
544824
554531
560591
565975
572291
578734
586500
596792
606055
615815
624360
637398
647415
658495
