3124
8945
11576
14244
17419
23802
30845
35085
42491
46521
52752
63056
65406
68357
72293
76665
83309
87069
91311
97612
102182
107872
113493
121528
127539
131394
137024
143421
148572
152233
159664
166838
171749
177406
182006
190421
197443
203795
208239
213502
217213
221764
224727
227898
230589
236113
240888
246190
251742
258955
265979
272202
275822
282796
286797
291648
295420
300200
302461
307527
311520
315303
320145
324476
329606
334256
339858
344932
349856
357318
360810
364920
369220
374952
380814
386087
390539
394448
397610
401823
405053
408424
411854
416465
421762
426486
430818
434999
434920
440620
443445
447906
450757
454788
457998
461499
464920
470180
475674
480659
483624
487034
507916
514327
518347
524650
530102
533204
536615
539236
541766
545217
550810
560933
564855
569794
573578
576948
580471
583931
587081
590734
596056
599926
603797
609648
615603
618973
622557
625647
628658
631939
635670
639262
642814
646210
650077
655822
662073
666332
669773
673343
676906
680880
685421
691053
696283
700574
704677
709910
716147
720438
724639
727810
730350
732263
735683
740884
750616
754116
757578
760168
763898
767130
772690
778325
781868
784341
788392
792337
795843
800495
804217
808628
811570
814981
818295
824986
827886
830946
837529
840470
846707
