2901
8592
13923
22017
32499
39812
49736
56819
67871
75064
83364
89424
96316
103729
109130
118044
124060
132244
139084
143465
152415
157629
177535
190151
218696
225807
254429
268405
278618
288271
295193
300097
308768
314670
322983
333136
340899
346739
350800
357002
364692
374201
380391
388931
400863
408816
414550
420231
426782
432743
438375
446425
451425
456286
462166
467689
472700
477821
482203
491546
500587
508929
516720
523140
531747
540782
547044
549235
552476
558308
564581
573132
579894
584255
588916
598928
606291
610803
615484
620434
623634
626594
631265
634629
639629
647861
654571
658352
664973
