2816
8786
17056
44490
57942
76758
106331
132851
159076
183819
201997
207750
211751
217631
221301
236492
249603
258898
271800
279831
300004
327249
346539
377232
395778
402750
412067
420310
425940
442340
449972
460036
473497
483047
493498
504809
518324
528566
564365
572537
587120
605737
631208
642114
652237
666690
681264
704008
716091
736589
744450
759278
773229
796719
811572
826757
839331
846721
855704
868576
882358
903422
910549
921830
930892
946874
951785
975609
999116
1017435
1027858
1063639
1073749
1110670
1128434
1152418
