2757
7030
12972
24839
35109
56669
65167
96298
114354
129799
142842
156556
169660
181539
187411
202813
222160
232769
247563
254886
271308
296059
313553
320025
326648
346101
362965
376709
408983
430396
439079
450203
456970
472351
496641
516040
523082
549363
557166
567362
592200
600504
611765
630625
640737
648880
660885
694909
706512
719594
733377
743374
757638
766091
769702
783048
805386
814193
827118
841985
854901
870397
879482
885092
904352
914655
928452
955651
969375
976845
984397
989697
994272
998513
1010361
1018952
1025963
1037986
1064187
1071870
1081882
1087624
1104927
1117873
1131848
1150224
