3058
6139
9137
15869
22315
29998
35348
42229
48940
59356
68146
86137
95107
113858
121817
130132
136573
146387
152454
165100
176154
183677
195931
219763
233860
244593
255133
260330
267587
278901
288604
296871
321251
339437
345468
357539
367339
375458
385536
393092
401033
407746
415423
423034
428968
442169
453534
462132
473128
482738
488844
505431
512471
523912
531535
538905
548191
555103
565701
575026
584330
594243
602000
618296
626675
635894
644337
655732
662949
668888
675641
691062
700406
710538
717029
721666
727227
735800
743398
748690
758482
765162
772329
779452
791445
803736
813355
821555
829866
837016
