2858
5347
8008
10148
12911
15946
21649
25480
30291
35275
37777
41710
45736
48146
51048
54139
58036
62756
68268
72969
86827
92855
95148
99271
106719
113514
119225
124083
127459
130632
133802
137852
141394
145590
148824
155249
159359
161715
165070
168674
173574
179179
182072
185005
188146
192438
196728
205693
209927
213248
218033
224947
228979
231470
234426
237316
240130
244495
248788
253954
259458
266363
271856
276260
281270
287283
288770
291280
296587
303218
309634
314321
321024
327599
333474
337836
342577
346423
349443
353231
357487
362368
367052
370519
375392
380803
385355
389873
393842
400180
405542
409633
416805
419358
421966
426130
431125
