3493
12368
20242
30618
44427
54241
73302
85157
95782
111970
124468
133229
140918
164230
183289
191041
205790
225522
232019
253393
278517
289706
315729
342291
356413
397788
432286
453134
467134
485633
513257
531695
543132
573072
588508
605383
624759
635881
651802
667922
683671
702047
710171
717796
731357
741795
751420
764545
780294
803668
814358
829606
838104
845791
871103
884728
892790
912239
930114
946550
969386
1033509
1060944
1078569
1092382
1102444
1111943
1130380
1148192
1169632
1184253
1208864
1219728
1231697
1268550
1293760
1328449
1337571
1352383
1383319
1404694
1422755
1436695
1476253
1501127
1571614
1588457
1620257
1631950
1660824
1689241
1723240
1739991
1772357
1789669
1801356
1825795
1843635
1861757
1873183
1878000
1904320
1976336
1988376
2002067
2027813
2042998
2057374
2074938
2105995
2127746
2145784
2162218
2191217
2220652
2233951
2246774
2257835
2280903
2291808
2331866
2349430
2362428
2379383
2400759
2428132
2458507
2474755
2492128
2512379
2529015
2536763
2552575
2581285
2595781
2609030
2643340
2666838
2675239
2690947
2726946
2742319
2771381
2826466
2863546
2900235
2918104
2925481
2944419
2961544
2995042
3016665
3026540
3039291
3053481
3073853
3090102
3102540
3124975
3153986
3166861
3187237
3195735
3205611
3251366
3281616
3295428
3324225
3341852
3354974
3378140
3399392
3413528
3437340
3467465
3482015
3495824
3559260
3595570
3605656
3626336
3639544
3654106
3666343
3699399
3741084
3765890
3832511
3854377
3879825
3891761
3920160
3926764
3942137
3962513
3976889
4039635
4069135
4102694
4115381
4136569
4152778
4162648
4187023
4200973
4213346
4225534
4239285
4257135
4271222
4289592
4311666
4331154
4390402
4431413
4459332
4481391
4552827
4574200
4604074
4633173
4678297
4707359
4729119
4747924
4764176
4779926
4786425
4833160
4885846
4919160
4967218
5010280
5077214
5109151
5159926
5186324
5226305
5240970
5254031
5282212
5289957
5297645
5320143
5328207
5345580
5398142
5439264
5478227
5539912
5565043
5603011
5614566
5666753
5688313
5741789
5767414
5803352
5840039
5899308
5935554
5958681
5982992
5997155
6041730
6079724
6121061
6153311
6172935
6190626
6207063
6232190
6263749
6298811
6322748
6377808
6389372
6408556
6424594
6452648
6466963
6498523
6634851
6668649
6695793
6725044
6774667
