7092
14970
20903
31400
50585
59210
71648
123647
144025
156154
177462
192016
201955
233956
262825
291767
307075
317142
336579
361257
391179
417919
430298
451204
466450
480705
515203
534389
564574
582514
612327
631573
644630
655067
662887
679514
703633
741572
757962
781327
795956
816018
831640
839080
858450
880593
887326
908135
916505
961817
978698
988944
1009067
1018751
1027372
1055721
1069641
1082016
1088832
1103140
1109504
1145021
1166757
1175886
1211568
1233385
1254504
1268757
1287633
1302669
1311407
1322281
1341829
1377846
1389065
1423000
1431659
1460678
1489902
1516832
1534462
1571804
1579364
1600482
1634207
1658268
1680705
1698259
1706890
1716391
1735883
1760952
1778326
1805997
1815344
1826909
1839478
1871500
1883369
1904310
1919738
1937927
1949252
1986134
2005074
2021267
2048464
2068776
2079704
2088268
2114549
2125850
2169779
2192158
2215714
2226272
2242837
2263775
2290830
2318393
2340035
2351644
2366087
2376705
2393398
2410295
2425557
2435109
2448174
2467678
2480484
2487203
2493163
2507909
2526032
2555253
2577713
2587646
2594837
2607213
2630999
2639002
2655372
2669769
2694330
2715600
2734941
2757475
2770540
2787855
2794409
2811355
2856788
2880538
2953771
2975273
3014142
3029902
3037272
3065018
3083708
3101389
3124194
3135388
3167069
3186260
3195200
3226067
3241073
3255061
3278372
3291300
3305074
3328400
3346855
3361409
3379290
3390750
3407734
3438478
3468218
3493523
3502648
3534029
3548092
3582419
3607917
3628236
3650360
3661061
3671872
3698283
3710470
3738846
3752114
3806232
3813118
3822551
3844616
3877860
3893299
