7169
38669
54119
80740
100112
115451
154574
176386
190821
206319
224256
295278
370214
396835
414401
441334
456082
478274
508962
546704
569142
582021
600199
668939
712374
784618
798449
810763
819698
840907
852909
868846
893162
914653
959714
978778
1014658
1032923
1057725
1073724
1086262
1103300
1119974
1176969
1191657
1202277
1243965
1271711
1287843
1300771
1311075
1331943
1348700
1356005
1374817
1384696
1410887
1438824
1461507
1490828
1515705
1531644
1551769
1565706
1589636
1610199
1635452
1641887
1646765
1674881
1681507
1690262
1708939
1729008
1746197
1782751
1804697
1854940
1891961
1910294
1929546
1954841
1979036
2004354
2024034
2044096
2057590
2073344
2093469
2122720
2164720
2202031
2260218
2281648
2318647
2354777
2363517
2393832
2409521
2418902
2446897
2469332
2538263
2559266
2583264
2599449
2605392
2617446
2642533
2659182
2674483
2684985
2702985
2739481
2764980
2787040
2803735
2814105
2823283
2849532
2856279
2864592
2888525
2910894
2925594
2943252
2954185
2994065
3023809
3053495
3063505
3087936
3094988
3106553
3119305
3155864
3189119
3212545
3218803
3236491
3268049
3304425
3325368
3343746
3367990
3386614
3410995
3432050
3444240
3461797
3484288
3494264
3514700
3548635
3569197
3592568
3598412
3634460
3642400
3654586
3667619
3681804
3716117
3747612
3761308
3781487
3797673
3806923
3821295
3832234
3855232
3904360
3924354
3951730
3966923
3988853
4034587
