7124
28507
85975
147696
179817
222654
295912
314053
339299
348673
357859
381300
431234
463170
488146
514769
533456
574425
623173
655917
675476
688670
708726
729796
745167
755538
770394
795153
816800
832608
841043
863781
910013
944476
958915
974916
997108
1008855
1028477
1042092
1062844
1130093
1158584
1175286
1219472
1252595
1278200
1294961
1352771
1385209
1399313
1434366
1464561
1480612
1520676
1537253
1552498
1585561
1597311
1621370
1648444
1662593
1674155
1687157
1733965
1750491
1776301
1797722
1828408
1851904
1876411
1894842
1926048
1950685
1959747
1985370
1999251
2022369
2037434
2047878
2067175
2085121
2118112
2137362
2151800
2169132
2177814
2192750
2204934
2250823
2267388
2289815
2302437
2327816
2349631
2400057
2420062
2442250
2450752
2460427
2473932
2494372
2502371
2528059
2550430
2569434
2614873
2644179
2666614
2680488
2741551
2756671
2781050
2795353
2819552
2841191
2877055
2902242
2920566
2943195
2956628
