7170
22150
36970
46570
56130
69820
101580
118140
129736
139458
151550
159616
180101
188545
206983
214190
223128
237228
244278
279438
294063
305196
317806
332036
342056
373916
383956
405966
428336
435636
454676
481946
494276
509926
530246
557492
569157
584937
610569
627789
640219
650209
664049
679819
700789
709139
727919
740249
752659
760909
788369
804059
828849
846550
875070
882030
898030
916530
928020
955161
977350
994790
1006930
1022900
1031900
1053590
1062070
1068500
1087320
1100310
1138720
1170294
1177164
1199284
1213514
1223974
1238864
1257034
1275394
1289334
1321000
1348490
1365170
1381430
1404250
1412560
1422330
1436250
1449620
1472380
1490081
1531001
1556761
1610456
1653136
1668656
1680563
1694723
1709983
1758843
1781280
1796800
1810890
1819090
1835255
1845255
1854615
1867535
1890405
1913685
1932035
1961985
1990020
2003265
2027275
2041195
2057615
2066715
2076845
2104925
2117085
2138825
2166225
2181575
2214995
2242645
2254105
2266185
2302335
2311175
2341478
2349638
2360748
2387908
2395908
2413507
2442797
2464618
2492028
2514198
2539928
2571868
2588438
2617118
2657508
2687928
2711088
2723348
2756398
2765368
2797258
2836478
2865658
2885558
2904508
2917898
2932648
2966818
3004708
3022268
3042468
3060698
3075368
3082778
3113000
3138918
