7050
18590
33420
49126
66466
82976
91936
102056
114046
134436
145846
167936
182226
194237
199327
204197
212547
229662
244412
263752
288712
295545
331075
349295
360875
369535
391445
436875
459745
476035
496804
520394
544594
576863
589873
610943
626233
666113
714433
730683
756583
770033
786473
842051
907901
919070
946650
982144
998214
1021144
1093569
1124779
1139279
1172419
1205623
1214000
1227303
1262000
1286143
1302803
1311031
1320431
1332531
1351301
1367431
1380061
1392851
1401811
1408761
1436021
1451441
1480861
1496861
1528900
1554310
1576410
1585070
1598380
1604950
1620570
1634220
1646880
1660000
1667730
1679280
1716639
1744159
1767149
1791639
1825979
1837049
1843399
1856619
1873649
1893329
1917210
1938910
1949118
1957598
1972768
1990568
2015078
2027601
2043751
2052531
2068071
2077931
2084031
2091911
2100431
2107431
2115087
2119797
2135157
2140687
2150267
2163637
2173600
2179582
2185182
2189182
2194514
2198284
2217294
2228629
2234509
2254640
2276930
2293260
2315120
2326110
2351020
2360820
2379740
2402490
2412120
2428680
2460160
2484376
2495566
2503877
2527446
2550000
2589526
2602716
2623526
2655726
2671966
2693426
2709746
2746906
2755966
2772896
2790006
2804419
2845369
2882159
2932619
2965399
2973559
3014849
3033599
3048319
3070491
3089829
3106499
3115459
3136726
3151946
3188826
3198386
3217446
3241196
3258016
3264486
3277896
3305816
3316908
3327478
3356478
3371118
3379248
3387208
3391368
3403158
3422458
3431018
3465248
3491258
3528868
3544488
3551916
3560706
3576006
3591698
3618308
3627778
3641958
3654038
3660888
3674818
3687508
3694868
3720300
3739240
3758170
3774070
