7060
28343
46683
55033
69540
82671
93701
117441
125651
139784
165514
190804
216743
233703
243863
260073
286081
308691
315431
339101
350931
358401
373231
384131
404111
419791
449861
462271
473911
493911
508636
523586
540156
551946
572326
587126
611256
633426
646896
663256
674266
716106
751000
769516
793011
807951
820711
839761
878791
896071
910179
919049
935669
951289
976779
988813
999433
1009683
1026693
1034173
1066673
1078073
1107099
1131450
1140750
1169756
1199087
1217105
1226313
1237933
1260333
1272353
1320013
1334893
1353703
1378013
