5070
16090
30000
60880
82750
109170
127780
150500
167100
181060
192450
206860
228350
253020
266430
278950
305130
323980
349800
378270
398730
413280
421800
445007
487987
508754
528634
540314
569303
597973
621173
645233
660653
678003
711683
732690
769979
809469
833209
849299
887451
904441
928491
941191
956861
970491
987441
1007181
1024671
1047271
1063531
1076201
1099221
1111841
1141681
1160152
1174572
1183592
1196752
1220140
1252820
1278380
1291500
1308060
1324940
1342060
1361352
1383915
1402576
1439676
1468096
1499636
1524735
1539005
1577725
1590755
1600875
1616855
1627735
1646335
1668765
1708993
1719843
1744293
1760733
1779493
1795255
1804215
1822885
1836465
1852975
1875005
1896035
1916735
1944235
1963635
1975925
1990675
2007610
2032375
2057805
2080265
2097250
2113652
2128252
2146402
2159000
2185512
2206572
2227732
2242292
2286952
2317282
2333832
2356032
2371762
2387442
2410412
2437492
2445892
2493403
2511751
2536911
2551641
2570201
2585633
2601153
2621193
2639622
2659812
