7207
17617
45157
72347
100927
127127
140107
157907
165857
182277
199957
219057
243927
265727
276577
313887
329627
341187
369777
386017
402827
423957
464210
490610
541747
557057
578707
606967
629857
640694
657864
687715
701655
710315
727255
754763
770203
786503
801683
819233
829899
847049
859559
871039
887729
905509
920559
933239
940223
961613
978536
992486
1006545
1020056
1038996
1052796
1058466
1075816
1086016
1106246
1122716
1155556
1164576
1169956
1182656
1192656
1214426
1228171
1248641
1255831
1269761
1301461
1316031
1334281
1355001
1369821
1380181
1391821
1410771
1416961
1426791
1441051
1448251
1468991
1482491
1492467
1497887
1515647
1542917
1555337
1580177
1588717
1602277
1625457
1645977
1655727
1663297
1671587
1692687
1706417
1718157
1729757
1744377
1754757
1775877
1783487
1795687
1815837
1835137
1847286
