3460
17980
28860
56130
63110
82368
101348
133998
155198
167598
186098
202048
230358
251998
267368
280684
296564
334084
354934
368414
391767
401807
407767
423537
439367
447937
458297
481697
501587
526167
535284
562147
581547
591477
608917
622593
636323
648053
665042
675052
706562
717892
754542
781112
802442
818782
836972
850442
870046
889586
903451
914139
931759
943759
960550
968250
987797
1006656
1022786
1035126
1052853
1077723
1098326
1117336
1133286
1144816
1163026
1170200
1182256
1200356
1214756
1227772
1239422
1254292
1264622
1271232
1288842
1305192
1330872
1343502
1351572
1379222
1402792
1413422
1440022
1454242
1466978
1487578
1519538
1538898
1549598
1568068
1583438
1602198
1621618
1633198
1641088
1652008
1663318
1673188
1685668
1710617
1722437
1761157
1767767
1787635
1799155
1813969
1836932
1861112
1879012
1892292
1903572
1920962
1937722
1944372
1967172
1975176
1987140
2004010
2022010
2030940
2036640
2055570
