7227
16637
24787
40547
56085
71095
98915
107555
121295
134510
149820
160278
168198
180388
188228
204858
213638
234278
260858
281418
290938
325578
336028
359458
379158
399468
415598
424788
439288
449788
466023
499993
519700
536453
546150
558120
583221
609751
636781
649561
689321
707741
724891
750901
759251
774591
797955
811455
825715
835245
857235
883735
896455
911925
925195
932829
950949
959229
969689
985472
993048
999338
1013278
1029318
1043748
1069318
1089718
1116318
1142238
1156448
1173168
1179094
1189950
1200185
1207495
1218715
1253715
1275642
1291600
1304930
1336140
1352230
1364540
1384127
1397197
1408067
1427937
1449407
1472057
1481447
1502957
1512267
1521497
1534065
1546375
1552795
1579635
1588595
1598987
1613897
1657236
1680016
1695786
1702130
1711490
1725510
1733550
1750146
1770860
1796150
1815302
1841882
