7230
18586
25366
33896
42286
49156
57936
67266
78248
85608
91810
99780
105720
112330
121150
130500
140070
145830
152582
164662
172242
184802
201622
208512
216432
224072
233192
243168
260218
268108
274388
280578
287398
296958
302158
307848
314000
318935
323186
333661
338492
343929
353299
359139
368679
375029
379290
390267
399136
412754
418249
423450
432665
439602
448313
455625
464942
469990
476860
483614
490611
497485
503066
509000
515101
528761
538902
545499
552142
556272
561005
569266
574881
579395
590257
596427
601839
609250
615484
623005
628396
634859
641263
645684
651367
666672
672034
680307
695082
701035
706037
710640
715390
719573
725697
731330
740204
747586
754026
761489
