3190
15120
34125
42086
50637
60679
68090
82185
92437
103998
117602
139878
157172
171277
195118
208771
214452
222563
232429
238380
247452
256454
270191
282844
292556
313539
330122
353194
374594
386210
406354
422746
440678
461088
471288
498614
522396
534140
550345
561087
570028
585542
593567
607410
621245
633983
640124
648348
668660
686854
696407
710690
721031
733743
744136
753540
767719
775851
785441
803633
816227
844460
862193
878264
894587
910940
929814
945601
957042
983069
1002002
1025747
1050083
1062574
1073597
1100270
1123783
1139735
1155737
1176910
1202046
1226373
1233373
1242146
1256000
1264638
1287784
1296726
1312742
1343200
1362264
1385441
1417017
1438976
1458029
1471614
1487309
1506220
1514571
1523994
1533805
1553519
1567321
1584405
1594947
1608041
1630623
1643493
1658115
1664436
1682910
1696621
1721397
1733768
1747839
1766582
1785896
1792247
1806439
1827357
1839299
1847724
1856506
1867607
1883689
1912383
1925475
1937759
1947182
