3320
22561
34896
43618
57401
78354
92555
116797
129921
145587
154419
165031
189708
212944
219574
239559
256139
268562
287204
301867
316266
327658
337409
361455
372068
383984
393645
404333
417735
433392
446774
460870
469356
489759
506761
518602
532527
543330
550066
568879
581715
591277
600689
607661
628426
639354
656585
672550
680945
690954
695166
717441
726874
742698
754373
768475
779041
798310
815845
836383
863886
877340
890995
903142
921673
930833
941616
958557
970288
991412
1010130
1033392
1042930
1056308
1065191
1076558
1089624
1100846
1114135
1125983
1139265
1150914
1165575
1176571
1186890
1198332
1211158
1220184
1239348
1251342
1259313
1270638
1282861
1306895
1318454
1335507
1348975
1376590
1395196
1414930
1432990
1453529
1469389
1477973
1493014
1504189
1515131
1529650
1537483
1546016
1564154
1581562
