7160
15739
30240
33110
38295
52957
64217
73190
80285
88498
100025
105671
113802
124830
141372
161530
181860
213330
236194
278283
294881
328851
369452
376577
390826
397531
416931
429266
456002
488198
497440
527806
545038
555710
566426
576588
592147
611039
617656
632373
647421
654872
677692
686442
695584
727483
740259
752290
767429
810981
837252
851486
866410
877751
889940
908418
928173
958436
974481
984088
993132
1003332
1014783
1031462
1039157
1050984
1059391
1064508
1069419
1077411
1086026
1100524
1106785
1114139
1128972
1135303
1146171
1167905
1179622
1196056
1205879
1214692
1250027
1257217
1265418
1267562
1286287
1297807
1308752
1311473
1326494
1331248
1333948
1343379
1357738
1368918
1385938
1392310
1406697
1417219
1423401
1434617
1451744
1456987
1467160
1482238
1494553
1504273
1509784
1526072
1556687
