3610
14652
19242
23754
36326
51202
57574
67587
78533
88299
98517
108021
115511
122024
128637
137052
145567
159995
167420
174868
183836
198874
204384
219055
228031
235654
258433
267096
275694
284578
303566
317685
324579
331570
339342
353410
363446
374075
385542
397400
405954
413463
423050
434803
442957
454127
466854
476424
490050
504848
512569
521476
528811
534418
545340
556998
563731
567331
601840
612208
624562
640531
650474
657588
670575
681185
687841
695661
709365
718694
725586
740472
749547
766944
774815
796693
809145
817601
823384
830028
834564
841767
849124
857746
863397
874951
881635
889238
893479
896781
906119
909893
915874
933950
938925
944918
953592
965900
979010
