3380
4920
10341
14422
21896
25567
33751
40674
47763
51184
67405
72097
80910
85161
94286
104089
112397
116472
126940
130072
135298
141737
151921
156082
161553
164611
167174
171094
173270
177642
179613
182254
184984
187995
190586
195438
199788
205160
210077
233795
263644
268789
275461
280105
287286
295602
301864
321832
330170
333984
340840
344730
354902
373569
382193
392008
398421
404948
418474
425274
431126
443801
449754
462673
471089
479889
490243
494669
499869
511821
519967
546734
563782
578728
589863
599235
612200
625748
633339
637560
652986
667084
677587
682062
689523
697803
719892
737838
749561
758735
773805
781536
787026
791290
806111
809604
822392
849042
858366
871077
877667
884770
893055
898948
910498
917666
921497
926165
945080
959729
969836
983673
993058
1006848
1021591
1029582
1038803
1050847
1056197
1061088
1072851
1088618
1093919
1111566
1132673
1139641
1149476
1162092
1175685
1184565
1202836
1222861
1239614
1250491
1271979
1285231
