7050
15677
26969
44672
54207
67766
77080
90588
99496
111971
121286
133028
140773
150638
157531
165954
173662
188313
201118
213645
219989
226735
238996
244607
264746
277088
286307
292888
305718
319703
338440
350577
360584
371391
382047
395597
411775
420638
427932
443334
454654
468671
481509
495582
515323
527235
542489
561844
571109
579397
592743
602074
611490
618530
627558
634621
646508
654888
662822
671023
679215
686819
694634
703400
712182
722325
731460
740077
748619
756882
763267
771666
780601
798445
815713
824363
835147
848151
861389
876981
887536
901191
912394
922032
940977
948149
955061
983276
992511
1002548
1021240
1035341
1045676
1052599
1066834
1074526
1084429
1103110
1113038
1123783
1130246
1139740
1148011
1162365
1178407
1188781
1194944
1200916
1212879
1226913
1234208
1241309
1253133
