7130
10641
15464
21153
26023
30904
39736
48883
55641
61682
67225
73872
81524
88333
110553
117365
123715
133341
149113
164301
175044
189357
195533
208879
233422
241672
246844
278292
290872
300246
309508
316942
329550
353248
361482
372334
377548
386072
394589
399910
405911
416441
423744
429946
452922
461949
469418
476552
481354
487775
499986
511006
520805
530175
534730
542691
548190
555064
560584
565425
575229
583921
596659
609040
616818
624341
633794
639756
649826
656010
667191
684406
693277
699857
707858
717660
727395
737287
747814
753738
764291
769540
778921
790420
797305
804746
810927
817809
833320
840423
846544
865780
874421
880984
886559
894037
902107
908759
913939
922064
941188
951020
959372
971466
979318
987869
1000324
1015509
1021502
1039499
1054594
1064778
1069623
1078608
1087678
1097839
1107512
1123383
1131624
