7190
15180
19819
26634
37883
48381
58223
67699
75666
81340
88188
92635
99003
107173
114295
123188
130356
136566
145404
153113
161513
171955
181438
186497
196068
200950
207905
215223
224351
232710
238127
244241
250453
259015
266088
274230
281641
286310
292300
299461
308556
321877
328258
335408
345759
353495
357627
362712
365953
389607
396838
407560
416024
422200
429394
434810
439662
446168
451312
457500
461654
471576
477597
490343
494822
501335
505180
513126
519557
524338
529875
536897
541456
546340
553707
559840
564805
571059
575289
579527
583624
588106
595530
602102
608311
614371
622801
626842
637916
643555
648911
653507
659116
666556
671771
675879
680646
686901
691633
696510
700501
703816
717926
726211
731961
737079
742963
747214
751021
759704
763806
769474
775149
781103
785633
790396
799020
803872
812348
819511
824688
832878
838319
842093
848465
852701
856682
865874
872210
878411
883738
887710
893473
898368
902368
908660
917254
922085
925716
936749
941800
946151
952103
956365
960255
969106
974167
978587
984359
990784
994548
998788
1004688
1010039
1020590
1028994
1036985
1041895
1052658
1059048
1063808
1069928
1074338
1078309
1087202
1091861
1102234
1110257
1116002
1121603
1126473
1130965
1135386
1143737
1151697
1156657
1162587
1167899
1172429
1176120
1184444
1190116
1194716
1203257
1209497
1215079
1224590
1235624
1240536
1250807
1258561
1265632
1271558
1275041
1280871
1285552
1290703
1300843
1306445
1312177
1317568
1324040
1329943
1334286
1339448
1345338
1352760
1358706
1365456
1370196
1374659
1380260
1384840
1392242
1401640
1407441
1415632
1419803
1423653
1427505
1432058
1438771
1443872
1449284
1456106
1462418
1468430
1493595
