3267
13157
17328
26491
40245
49758
56359
72330
86173
92526
115398
126702
150788
160533
173128
187773
206861
215422
235094
260531
269402
283244
295157
306094
321376
334802
342904
350028
363049
370825
379260
384382
395503
407886
422075
433287
451726
466389
475423
488581
521660
530637
544520
555507
588636
602801
616393
630568
639230
656782
664657
675372
687476
694848
703842
718930
734717
743857
754256
772011
809497
831510
853703
874753
902892
916526
927499
939124
951413
959072
967649
975270
983430
992958
1001537
1011945
1023576
1029647
1037854
1049500
1060033
1076307
1096078
1113607
1130739
1138306
1153350
1171896
1191372
1205699
1221496
1237831
1252395
1266721
