3420
12454
16824
25254
46103
61237
72517
96213
110604
125503
139795
149956
164091
181943
193976
229982
240726
248736
265629
292987
313844
323630
338215
365229
378270
405885
415616
443962
458854
482854
502619
525216
548435
556186
570142
586474
607659
627704
657311
668133
680115
692226
702559
719701
730594
753280
774187
797138
823719
837582
861038
868290
876443
890306
908913
922434
936287
958788
976450
998927
1014651
1033896
1042734
1062067
1075230
1081961
1091992
1101874
1117789
1124852
1136405
1154361
1173746
1188890
1198604
1216028
1239652
1261387
1287045
1304780
1319084
1335179
1367246
1382739
1402473
1424875
1440392
1456496
1476386
