7093
14945
24158
36581
47826
59918
70411
83857
104501
112591
143161
151522
171458
184467
198261
207103
220276
244684
257326
268366
284240
294841
309996
327191
347666
373323
384945
403250
415324
435410
443151
461695
477157
499027
514232
522486
535119
542880
558463
573099
600978
621249
632303
641318
652290
674835
699073
721230
734307
748233
763737
779859
798247
815882
824862
837420
846793
857208
876453
881915
897129
912463
925527
947714
961499
974956
982578
998501
1013224
1025646
