3635
16009
24513
29874
59493
87681
120617
140609
151170
170672
188052
203491
215236
242487
255737
266732
277910
296842
311407
347294
368687
385145
406142
423174
438235
457733
486483
501550
525670
540359
557170
573362
593356
628300
639852
694171
712913
757662
772912
785480
804101
810669
825079
843597
852970
861709
867885
875119
888433
915181
981434
1016488
1035994
1114982
1123989
1166798
1182541
1200675
1215609
1244800
1265900
1274089
1285150
1300650
1307337
1314903
1330463
1343713
1351586
1372403
1380155
1392590
1411559
1433244
