3167
7923
11608
16091
20656
25344
34156
41034
50974
63961
73899
87902
101774
110459
122527
136030
142402
147774
161585
173710
184339
191337
197652
211836
217217
223145
234856
241623
257242
265299
276805
285995
294491
305365
318027
327580
342771
350832
359957
367647
381710
389775
396325
403952
410328
419453
429137
449328
456202
465072
474576
483769
495765
505507
521014
528326
535515
541950
547762
552409
564715
571279
580285
586650
592218
603696
613707
624673
631485
643424
653484
664879
672129
679567
687569
695256
704812
715380
725190
734252
744572
759269
768392
778935
