3591
9974
13156
16096
19787
27222
36409
42410
51088
56527
63722
76721
81217
85656
91420
97792
107671
112859
117918
126792
133165
140905
148532
155531
167492
171392
176696
183386
190234
194690
204868
212868
219558
226190
231821
241004
249698
256324
264507
270620
275527
282460
286643
291241
295856
301916
308233
314668
319796
324978
332235
340178
345675
354860
359757
366164
371550
377818
381628
388183
394689
399933
406369
412185
419251
431126
438742
446244
452244
460557
465055
470555
476120
482677
489252
496501
502565
508498
512937
518817
524000
529007
533755
539878
547185
553632
559806
565096
569659
573345
577345
583721
588028
592967
597093
601525
606199
612829
619993
626400
630837
635462
677086
683394
688962
696902
703144
707457
711895
716023
720088
725964
732845
745771
751588
758109
763838
768840
774020
778812
783701
788703
794263
799207
804106
810615
817550
822550
827300
831634
836068
840686
847312
852381
857561
862618
867437
873753
878057
883117
887623
892186
896979
902884
909196
915631
923469
929348
934793
940974
948103
954407
959789
964029
967899
971032
975599
982227
993851
998732
1003540
1006948
1011477
1015598
1022167
1028543
1032846
1036091
1041891
1047024
1051333
1057539
1062603
1068348
1072908
1077537
1082163
1090978
1095662
1100052
1107361
1111668
1118545
