7266
13766
20265
30006
44451
53124
65789
75473
89666
98598
109292
116971
125787
136538
144226
161158
169285
179410
188284
194478
202051
208742
230362
246243
287329
297263
332200
349943
369697
384908
392965
399902
410836
418464
429159
450676
459774
467282
472534
480964
489839
501967
510707
523399
538233
548588
556215
564145
572961
581152
588965
599213
605274
611650
618836
625901
632086
639144
644926
656380
669381
680819
690818
698444
706001
716863
725173
728600
733071
740990
749106
758728
766862
773169
779923
792498
802079
807289
813216
819227
823970
827981
841141
846525
851527
861908
870220
876092
883212
