3521
10671
21525
51216
67280
91704
130054
162842
200090
239086
270670
278315
283622
291249
295873
314497
347182
362724
379576
389577
413390
444951
475201
520949
534572
542945
554445
565009
572259
591883
598756
607508
621569
630172
640107
652856
667348
678348
716222
725433
733889
753702
777890
791320
802945
818446
833819
862383
873550
895111
904361
919986
935358
1004518
1018713
1035276
1056025
1063450
1079429
1090298
1113134
1125740
1135675
1148301
1157862
1175924
1181414
1201493
1220617
1250430
1263160
1308970
1324894
1360929
1382492
1405899
