3273
7129
13875
28113
39489
63113
73361
104297
124923
148545
163296
179360
195000
208818
215820
233005
268000
287171
309237
316200
332986
359610
376360
384361
392945
416943
433129
446506
485880
511876
522940
536813
543883
556819
586443
609944
618881
644628
653504
667440
693147
703146
716633
738562
761519
772491
797678
829139
841390
882300
900757
915948
928823
938038
943538
960911
985036
998225
1012995
1024542
1038893
1057079
1068712
1076151
1099963
1114552
1132613
1168020
1180218
1189027
1203400
1218388
1224616
1231352
1248582
1258892
1276142
1293141
1324264
1333288
1345850
1353724
1375786
1394531
1407118
1424932
