3467
7467
11193
19532
27665
36849
43477
52850
61412
72725
82850
101287
111223
130473
136723
146890
155514
168952
176949
192411
204974
213938
227125
249758
264946
275395
287332
293270
302455
319204
329579
338915
365623
390749
398122
413810
424811
434436
451000
460509
470821
479256
487944
498882
505955
520894
533081
542642
555329
566202
573452
588892
597201
614139
624601
639851
647786
655914
668162
678344
689368
703244
711880
732114
743233
754327
764577
783826
792515
799540
812988
839675
849114
858298
873500
879724
887097
913800
922512
928542
939980
948168
956666
965730
978067
992310
1008060
1020498
1029971
1040410
