3257
6449
9965
12294
15951
20699
26057
33167
38039
44541
49419
56705
61648
68837
76397
86273
93650
99091
106708
111323
117508
124693
130015
136823
144008
151471
155599
161915
168741
176621
183616
188675
196183
214226
220853
231044
238918
248290
255166
265227
272103
281283
289289
296164
303101
311720
317882
324819
328386
335703
340699
347577
354827
361760
373446
380381
392505
399316
406008
413068
419872
426438
431246
438302
443923
450491
455154
462538
469975
476908
481909
488594
494540
502257
511139
518326
526521
533957
542331
