3529
6902
10719
13275
17032
20405
27032
31777
37216
42656
47027
52876
57132
61147
66674
70991
76178
82742
90919
96921
102855
108820
111629
116881
123134
129069
134335
139836
143048
147153
150406
155389
158622
162956
166137
173073
176727
178932
182274
185659
190079
197268
200738
205921
210614
216556
222985
240107
245549
251422
258467
268280
275340
279516
284468
288466
295221
300720
305282
311737
318986
327607
335107
340107
346751
355435
359329
362596
369277
377751
386434
392438
401063
408561
412966
418588
424692
429594
433895
439340
445149
451857
458232
463408
469351
476976
483726
490103
496414
502911
510158
515350
524973
528168
531743
537559
543368
